wind_DJF_night_native.json
{"header": {"parameterCategory": 2, "parameterUnit": "m/s", "nx": 220, "ny": 280, "lo1": 118.693, "la1": 26.2568353691, "lo2": 123.2203272787, "la2": 21.0494, "dx": 0.0206727273, "dy": 0.0186646429, "refTime": "2025-01-01 00:00:00", "forecastTime": 0, "parameterNumber": 2}, "data":
[rows 209 to 227 of 280, columns 129 to 171 of 220]
-4.529208183288574,-4.551790237426758,-4.580661773681641,-4.62900447845459,-4.6839213371276855,-4.732664108276367,-4.764394760131836,-4.781949996948242,-4.794517517089844,-4.806634902954102,-4.8167948722839355,-4.82063627243042,-4.816965579986572,-4.810773849487305,-4.80825138092041,-4.803524017333984,-4.801072597503662,-4.805655479431152,-4.81486177444458,-4.824666976928711,-4.833656311035156,-4.850669860839844,-4.877220153808594,-4.905643463134766,-4.935550689697266,-4.967468738555908,-4.983109951019287,-4.9850664138793945,-5.003776550292969,-5.02863883972168,-5.043701171875,-5.066015243530273,-5.093363285064697,-5.1147332191467285,-5.130922317504883,-5.146177768707275,-5.154802322387695,-5.159302711486816,-5.172499656677246,-5.18792724609375,-5.201860427856445,-5.222972393035889,-5.251039028167725
-4.585101127624512,-4.605236530303955,-4.641042232513428,-4.697134494781494,-4.749727725982666,-4.787788391113281,-4.8120856285095215,-4.8300251960754395,-4.8456926345825195,-4.856352806091309,-4.862823009490967,-4.863983154296875,-4.857868671417236,-4.850946426391602,-4.845600128173828,-4.843419075012207,-4.850439071655273,-4.862188816070557,-4.872149467468262,-4.878561973571777,-4.886054039001465,-4.8999810218811035,-4.921906471252441,-4.949548721313477,-4.976226329803467,-4.997511863708496,-5.008378028869629,-5.0191826820373535,-5.044642448425293,-5.067573070526123,-5.079500198364258,-5.095355987548828,-5.116708278656006,-5.140235900878906,-5.160576820373535,-5.176106929779053,-5.189901828765869,-5.196785926818848,-5.202939033508301,-5.212596893310547,-5.224397659301758,-5.246373653411865,-5.274560928344727
-4.645446300506592,-4.666673183441162,-4.707106113433838,-4.7653422355651855,-4.814933776855469,-4.847551345825195,-4.866389751434326,-4.881443023681641,-4.8940958976745605,-4.89984130859375,-4.90518856048584,-4.905341625213623,-4.898157119750977,-4.889891147613525,-4.883157730102539,-4.884706020355225,-4.896265983581543,-4.9110236167907715,-4.92452335357666,-4.932609558105469,-4.938101291656494,-4.949301719665527,-4.972610950469971,-4.998775482177734,-5.0139241218566895,-5.024446964263916,-5.039034843444824,-5.05952787399292,-5.083052635192871,-5.100212097167969,-5.110147476196289,-5.125953674316406,-5.148259162902832,-5.169286727905273,-5.184869766235352,-5.198500156402588,-5.212763786315918,-5.2236175537109375,-5.234179496765137,-5.238879680633545,-5.2458109855651855,-5.270140647888184,-5.298043251037598
-4.703372001647949,-4.730080604553223,-4.773829460144043,-4.828843593597412,-4.876097679138184,-4.9079437255859375,-4.9251298904418945,-4.933292865753174,-4.938328742980957,-4.943027973175049,-4.946975231170654,-4.944174766540527,-4.936387062072754,-4.9281511306762695,-4.9246368408203125,-4.932170391082764,-4.943671226501465,-4.954606056213379,-4.96933650970459,-4.980764389038086,-4.986259460449219,-4.999913215637207,-5.025529861450195,-5.04293155670166,-5.046728134155273,-5.056220054626465,-5.074461936950684,-5.094733715057373,-5.115339279174805,-5.130703926086426,-5.141810417175293,-5.159909725189209,-5.184126853942871,-5.202984809875488,-5.214047431945801,-5.221206188201904,-5.229860305786133,-5.2450337409973145,-5.26012659072876,-5.263151168823242,-5.270367622375488,-5.293996810913086,-5.3161797523498535
-4.757080554962158,-4.795248031616211,-4.843535423278809,-4.8893632888793945,-4.93013858795166,-4.961699485778809,-4.978182792663574,-4.981301307678223,-4.983062267303467,-4.988829612731934,-4.989972114562988,-4.980832576751709,-4.968264579772949,-4.962482452392578,-4.96705961227417,-4.978180408477783,-4.990484237670898,-4.998105525970459,-5.00699520111084,-5.01887321472168,-5.030329704284668,-5.051919937133789,-5.073359966278076,-5.077848434448242,-5.077469825744629,-5.08695125579834,-5.104140758514404,-5.1240644454956055,-5.145644664764404,-5.162460803985596,-5.1753740310668945,-5.193414211273193,-5.213925361633301,-5.230898380279541,-5.242343902587891,-5.246522903442383,-5.2515411376953125,-5.266591548919678,-5.282332420349121,-5.289802074432373,-5.299910068511963,-5.3163371086120605,-5.330432891845703
-4.814775466918945,-4.863788604736328,-4.913843631744385,-4.952698707580566,-4.9858198165893555,-5.011172294616699,-5.0242204666137695,-5.028409004211426,-5.031563758850098,-5.033606052398682,-5.031412601470947,-5.02122688293457,-5.006648063659668,-5.002298831939697,-5.007143020629883,-5.017561435699463,-5.031825542449951,-5.039532661437988,-5.0439372062683105,-5.0547943115234375,-5.074606895446777,-5.098346710205078,-5.111176013946533,-5.109915256500244,-5.109512805938721,-5.120627403259277,-5.136350631713867,-5.154926776885986,-5.175495147705078,-5.1906585693359375,-5.204573154449463,-5.219968795776367,-5.235531806945801,-5.250659465789795,-5.263116836547852,-5.2693305015563965,-5.276509761810303,-5.2902021408081055,-5.3029022216796875,-5.3145222663879395,-5.32590913772583,-5.337553977966309,-5.352001667022705
-4.874145030975342,-4.929609298706055,-4.981360912322998,-5.014464378356934,-5.039942741394043,-5.060770034790039,-5.070969104766846,-5.073055744171143,-5.07321834564209,-5.071512222290039,-5.068375110626221,-5.060175895690918,-5.050289154052734,-5.04748010635376,-5.049843788146973,-5.057573318481445,-5.068201065063477,-5.0746588706970215,-5.0807414054870605,-5.093533515930176,-5.112365245819092,-5.1302103996276855,-5.141684532165527,-5.1456499099731445,-5.147760391235352,-5.155701637268066,-5.1696577072143555,-5.190489292144775,-5.208216667175293,-5.218989372253418,-5.232025146484375,-5.245433330535889,-5.255297660827637,-5.266019821166992,-5.28022575378418,-5.292502403259277,-5.303617477416992,-5.31464958190918,-5.322489261627197,-5.3322319984436035,-5.346561431884766,-5.362268447875977,-5.377852439880371
-4.938215255737305,-4.996325492858887,-5.0456953048706055,-5.073668956756592,-5.092404365539551,-5.110563278198242,-5.118540287017822,-5.111769199371338,-5.108210563659668,-5.11008882522583,-5.107222080230713,-5.098546028137207,-5.093764305114746,-5.095151901245117,-5.095280170440674,-5.095348358154297,-5.098998069763184,-5.105845928192139,-5.115817546844482,-5.127434730529785,-5.141367435455322,-5.158102512359619,-5.172059059143066,-5.17920446395874,-5.183511734008789,-5.19081974029541,-5.206692695617676,-5.228550910949707,-5.242035865783691,-5.249052047729492,-5.258632183074951,-5.268682956695557,-5.274676322937012,-5.282174587249756,-5.299228668212891,-5.316214084625244,-5.32646369934082,-5.3372416496276855,-5.3462419509887695,-5.355466365814209,-5.372892379760742,-5.391265869140625,-5.403784275054932
-5.0025482177734375,-5.058228969573975,-5.105147361755371,-5.130568504333496,-5.145007133483887,-5.159124851226807,-5.16252326965332,-5.151092052459717,-5.146207809448242,-5.14951229095459,-5.144835948944092,-5.135491847991943,-5.13541841506958,-5.1422295570373535,-5.140674114227295,-5.133173942565918,-5.133672714233398,-5.142162322998047,-5.153128623962402,-5.162081241607666,-5.173616886138916,-5.191518306732178,-5.205622673034668,-5.212054252624512,-5.218785762786865,-5.228062629699707,-5.241971969604492,-5.260505199432373,-5.271476745605469,-5.275341987609863,-5.283850193023682,-5.293409824371338,-5.296041488647461,-5.304040431976318,-5.325271129608154,-5.340943336486816,-5.346497535705566,-5.358979225158691,-5.374886512756348,-5.387131214141846,-5.402885913848877,-5.418523788452148,-5.427682876586914
-5.0687079429626465,-5.120214462280273,-5.160043716430664,-5.181232929229736,-5.194982528686523,-5.203379154205322,-5.199461460113525,-5.189781665802002,-5.190698623657227,-5.194314956665039,-5.186522483825684,-5.17716646194458,-5.1767988204956055,-5.1803789138793945,-5.1758341789245605,-5.168351173400879,-5.17163610458374,-5.181456089019775,-5.192002773284912,-5.200639247894287,-5.210536956787109,-5.227027416229248,-5.240104675292969,-5.246601581573486,-5.254351615905762,-5.261706352233887,-5.272392272949219,-5.289208889007568,-5.301228046417236,-5.304487705230713,-5.308773994445801,-5.316840171813965,-5.323908805847168,-5.336537837982178,-5.354663372039795,-5.366666793823242,-5.375072002410889,-5.3888959884643555,-5.404341220855713,-5.417219161987305,-5.430917739868164,-5.443428039550781,-5.452384948730469
-5.13767147064209,-5.180947780609131,-5.21207857131958,-5.230265140533447,-5.243673801422119,-5.244679927825928,-5.235904693603516,-5.232016086578369,-5.237761497497559,-5.242422103881836,-5.23553991317749,-5.223145008087158,-5.213702201843262,-5.206478118896484,-5.202291488647461,-5.202329158782959,-5.208323001861572,-5.219072341918945,-5.229260444641113,-5.236736297607422,-5.2453742027282715,-5.257224082946777,-5.268369674682617,-5.277112007141113,-5.2842206954956055,-5.291672229766846,-5.302549362182617,-5.318157196044922,-5.330860137939453,-5.336270332336426,-5.340432167053223,-5.348998069763184,-5.357898235321045,-5.3681440353393555,-5.38332986831665,-5.396073341369629,-5.404892921447754,-5.417702674865723,-5.432727813720703,-5.443972110748291,-5.454703330993652,-5.467561721801758,-5.47787618637085
-5.204319953918457,-5.237195014953613,-5.26412296295166,-5.2841033935546875,-5.289700031280518,-5.280662536621094,-5.274374961853027,-5.280359268188477,-5.292823314666748,-5.299083709716797,-5.290779113769531,-5.272414684295654,-5.250140190124512,-5.233546257019043,-5.231010437011719,-5.236342430114746,-5.2433085441589355,-5.251554489135742,-5.2601470947265625,-5.270570755004883,-5.28091287612915,-5.288274765014648,-5.29520320892334,-5.302467346191406,-5.308656215667725,-5.316990852355957,-5.33259916305542,-5.350583553314209,-5.363924980163574,-5.372394561767578,-5.3774614334106445,-5.3847174644470215,-5.392265319824219,-5.39840841293335,-5.408998012542725,-5.420535087585449,-5.429727554321289,-5.4442620277404785,-5.462900638580322,-5.474374771118164,-5.482356071472168,-5.492473125457764,-5.49845027923584
-5.267583847045898,-5.297956466674805,-5.320748805999756,-5.333387851715088,-5.331096172332764,-5.3229451179504395,-5.323678016662598,-5.334804534912109,-5.347048759460449,-5.349334239959717,-5.335738182067871,-5.309094429016113,-5.281099319458008,-5.2633748054504395,-5.261466979980469,-5.269034385681152,-5.275437831878662,-5.281386852264404,-5.2917160987854,-5.303977012634277,-5.312760829925537,-5.318885326385498,-5.3240156173706055,-5.327910423278809,-5.334308624267578,-5.346698760986328,-5.363425254821777,-5.381518840789795,-5.3975934982299805,-5.408315181732178,-5.414813995361328,-5.4187140464782715,-5.4205708503723145,-5.4242939949035645,-5.432707786560059,-5.441908359527588,-5.4536452293396,-5.4720611572265625,-5.489610195159912,-5.499293327331543,-5.503442764282227,-5.511362075805664,-5.521402359008789
-5.32407283782959,-5.352135181427002,-5.370552062988281,-5.373589515686035,-5.3697829246521,-5.371398448944092,-5.380990982055664,-5.402112007141113,-5.427984237670898,-5.430447101593018,-5.400240421295166,-5.3570780754089355,-5.314390659332275,-5.288459777832031,-5.287509441375732,-5.297595977783203,-5.306239128112793,-5.314991474151611,-5.324243545532227,-5.33076810836792,-5.336808204650879,-5.346197605133057,-5.355510711669922,-5.357512950897217,-5.363000869750977,-5.3780927658081055,-5.396840572357178,-5.417179107666016,-5.43297815322876,-5.442544460296631,-5.44809627532959,-5.448142051696777,-5.448003768920898,-5.452606201171875,-5.4611287117004395,-5.46948766708374,-5.478020191192627,-5.49431848526001,-5.512938976287842,-5.522459983825684,-5.522731781005859,-5.527657985687256,-5.5414605140686035
-5.378360748291016,-5.398760795593262,-5.408566474914551,-5.410640716552734,-5.416299819946289,-5.431539535522461,-5.451053142547607,-5.469002723693848,-5.472873687744141,-5.4573655128479,-5.426240921020508,-5.367847442626953,-5.3077874183654785,-5.289606094360352,-5.3022966384887695,-5.318792819976807,-5.331634521484375,-5.343990802764893,-5.352158069610596,-5.354601860046387,-5.360898494720459,-5.3739013671875,-5.386053085327148,-5.390718460083008,-5.39816951751709,-5.413148403167725,-5.429625511169434,-5.446898937225342,-5.460625171661377,-5.470887660980225,-5.477119445800781,-5.476984024047852,-5.4771246910095215,-5.481908798217773,-5.489863872528076,-5.496963977813721,-5.50277853012085,-5.5142822265625,-5.53083610534668,-5.5417914390563965,-5.542858123779297,-5.545716285705566,-5.555333137512207
-5.421402931213379,-5.433314323425293,-5.434135437011719,-5.440074443817139,-5.458085060119629,-5.478135108947754,-5.501375198364258,-5.556085109710693,-5.669373989105225,-5.710654258728027,-5.583954334259033,-5.41373348236084,-5.287202835083008,-5.249332904815674,-5.28994083404541,-5.332220554351807,-5.354636192321777,-5.368236541748047,-5.376537322998047,-5.380164623260498,-5.3878374099731445,-5.401307582855225,-5.417229652404785,-5.431369781494141,-5.442736625671387,-5.452621936798096,-5.461318492889404,-5.470930099487305,-5.483869552612305,-5.495121002197266,-5.502584457397461,-5.507525444030762,-5.508162975311279,-5.509182453155518,-5.514482498168945,-5.521907329559326,-5.528632164001465,-5.538008689880371,-5.5497565269470215,-5.5559468269348145,-5.559877872467041,-5.563752174377441,-5.56837797164917
-5.462666034698486,-5.469210624694824,-5.46728515625,-5.476146697998047,-5.4968695640563965,-5.512337684631348,-5.533008098602295,-5.518122673034668,-5.394982814788818,-5.111032485961914,-5.084934234619141,-4.7058610916137695,-4.510804653167725,-5.028889179229736,-5.253633499145508,-5.326304912567139,-5.366664409637451,-5.389101982116699,-5.399971008300781,-5.406840801239014,-5.417407989501953,-5.432015419006348,-5.452820777893066,-5.474050045013428,-5.485512733459473,-5.490105628967285,-5.4953765869140625,-5.503133773803711,-5.512355327606201,-5.521392822265625,-5.5325164794921875,-5.541051864624023,-5.539144515991211,-5.533266067504883,-5.534926414489746,-5.541576385498047,-5.547919750213623,-5.561049461364746,-5.57086181640625,-5.570296287536621,-5.574223041534424,-5.581287384033203,-5.585367679595947
-5.501225471496582,-5.50665283203125,-5.503541469573975,-5.504203796386719,-5.512272834777832,-5.5199151039123535,-5.531384468078613,-5.492782115936279,-5.258293628692627,-4.926654815673828,-4.168275356292725,-3.8847084045410156,-4.242419719696045,-4.926786422729492,-5.202878475189209,-5.301819801330566,-5.375589370727539,-5.403874397277832,-5.424503803253174,-5.436383247375488,-5.450753211975098,-5.468532562255859,-5.492427825927734,-5.5104570388793945,-5.517006874084473,-5.523026943206787,-5.530567646026611,-5.538479804992676,-5.545045852661133,-5.554049968719482,-5.562598705291748,-5.563577175140381,-5.560480117797852,-5.55768346786499,-5.5609612464904785,-5.568533897399902,-5.573566436767578,-5.579017639160156,-5.585317134857178,-5.589121341705322,-5.595648765563965,-5.603602886199951,-5.6078033447265625
-5.547107696533203,-5.550320625305176,-5.542645454406738,-5.5323686599731445,-5.528035640716553,-5.528595447540283,-5.5139875411987305,-5.41591215133667,-4.983122825622559,-4.098052501678467,-3.1817898750305176,-3.783416271209717,-4.6236186027526855,-4.610104560852051,-5.042882919311523,-5.279940605163574,-5.375503063201904,-5.426227569580078,-5.452053070068359,-5.4693603515625,-5.486788272857666,-5.509259223937988,-5.531806468963623,-5.543214797973633,-5.547669887542725,-5.555290699005127,-5.562770843505859,-5.5691070556640625,-5.576620578765869,-5.585408687591553,-5.586202621459961,-5.58183479309082,-5.581827163696289,-5.585905075073242,-5.59426212310791,-5.601554870605469,-5.5986647605896,-5.593461513519287,-5.597345352172852,-5.608343601226807,-5.620728492736816,-5.630644798278809,-5.640318870544434
