wind_DJF_day_native.json
{"header": {"parameterCategory": 2, "parameterUnit": "m/s", "nx": 220, "ny": 280, "lo1": 118.693, "la1": 26.2568353691, "lo2": 123.2203272787, "la2": 21.0494, "dx": 0.0206727273, "dy": 0.0186646429, "refTime": "2025-01-01 00:00:00", "forecastTime": 0, "parameterNumber": 2}, "data":
[rows 95 to 113 of 280, columns 129 to 171 of 220]
-0.987319827079773,-1.5547457933425903,-1.5851771831512451,-1.31682550907135,-0.3139929473400116,0.2030760496854782,-0.34496209025382996,-0.5295612215995789,-0.4218486547470093,-0.5002385377883911,-0.517358660697937,-0.6581919193267822,-0.8186854124069214,-0.7286359667778015,-0.5650182962417603,-0.4231588840484619,-0.30260810256004333,-0.3683517575263977,-0.5359697341918945,-0.23123915493488312,0.4041106104850769,0.42491447925567627,-0.26365917921066284,-0.5534214973449707,-0.3717287480831146,-0.446336030960083,-0.5201850533485413,-0.5182572603225708,-0.5550530552864075,-0.6260071992874146,-0.7709770202636719,-0.9542868137359619,-1.1586918830871582,-1.3679230213165283,-1.5755205154418945,-1.773646354675293,-1.9535024166107178,-2.1068811416625977,-2.2422802448272705,-2.3665904998779297,-2.4826126098632812,-2.6000258922576904,-2.7105135917663574
-1.3940327167510986,-1.4103116989135742,-1.6965978145599365,-1.2787563800811768,0.20454806089401245,0.8360215425491333,0.030607983469963074,-0.6863245964050293,-0.8043275475502014,-1.0739833116531372,-0.9140852093696594,-0.6648207902908325,-0.8176207542419434,-0.7046487927436829,-0.7432271242141724,-0.6983991265296936,-0.12857922911643982,-0.042845726013183594,-0.6105347275733948,-0.8058570623397827,-0.2939465343952179,0.10804484039545059,-0.1570889949798584,-0.7021466493606567,-0.8203083872795105,-0.6434795260429382,-0.6426099538803101,-0.6886624097824097,-0.6932774782180786,-0.7301473021507263,-0.8475695252418518,-1.0109516382217407,-1.1997321844100952,-1.3925153017044067,-1.5913128852844238,-1.7841860055923462,-1.9604982137680054,-2.112614631652832,-2.247504234313965,-2.3704309463500977,-2.4889137744903564,-2.610011577606201,-2.7161874771118164
-1.4997501373291016,-1.5375826358795166,-1.6862280368804932,-0.5298814177513123,0.6333016157150269,0.8053115010261536,-0.4147438108921051,-1.1831905841827393,-0.6365269422531128,-0.668824315071106,-1.0447443723678589,-1.0747900009155273,-0.8893418312072754,-0.676202654838562,-0.9956181645393372,-1.1123610734939575,-0.41353920102119446,-0.21921300888061523,-0.7475944757461548,-0.9689326286315918,-0.7309113144874573,-0.5438209176063538,-0.6416716575622559,-1.1035735607147217,-1.2368649244308472,-0.9620214700698853,-0.8495457172393799,-0.8464711308479309,-0.8199525475502014,-0.8362781405448914,-0.9323165416717529,-1.0793263912200928,-1.2482390403747559,-1.4278689622879028,-1.6197080612182617,-1.7981096506118774,-1.9654755592346191,-2.118276357650757,-2.255009412765503,-2.3766632080078125,-2.4953956604003906,-2.6228151321411133,-2.7312159538269043
-1.588932752609253,-1.7222375869750977,-0.8240097165107727,0.1743810623884201,0.4932045340538025,-0.14467895030975342,-1.1514683961868286,-1.1946122646331787,-0.6114181876182556,-0.240045964717865,-0.6982206106185913,-1.4091428518295288,-1.0738067626953125,-0.4360414445400238,-0.9790515303611755,-1.4792934656143188,-0.8558942079544067,-0.5331336259841919,-0.791038453578949,-0.8022596836090088,-0.6720831394195557,-0.7118631601333618,-1.024605393409729,-1.447854995727539,-1.4178762435913086,-1.141232967376709,-1.022218942642212,-0.9878560900688171,-0.9401208162307739,-0.9453637599945068,-1.023098349571228,-1.1557774543762207,-1.3101141452789307,-1.4760611057281494,-1.6572614908218384,-1.822292685508728,-1.9785943031311035,-2.1257331371307373,-2.260178804397583,-2.378809928894043,-2.499385118484497,-2.6354668140411377,-2.7475147247314453
-1.565496802330017,-1.0219897031784058,0.2326568067073822,0.7041247487068176,0.3357072174549103,-0.8453091979026794,-1.487544298171997,-1.1667019128799438,-0.9596917629241943,-0.6742790937423706,-0.6507762670516968,-1.2474232912063599,-1.1879123449325562,-0.33358195424079895,-0.4722456634044647,-1.3361833095550537,-1.1782960891723633,-0.6711065769195557,-0.6970854997634888,-0.6276758313179016,-0.7378280162811279,-1.1153441667556763,-1.3953421115875244,-1.48853600025177,-1.4323285818099976,-1.2516388893127441,-1.1631025075912476,-1.1075392961502075,-1.0507034063339233,-1.051754355430603,-1.1160573959350586,-1.2313659191131592,-1.3734477758407593,-1.5292147397994995,-1.7001779079437256,-1.855953335762024,-1.9989964962005615,-2.1392226219177246,-2.2714288234710693,-2.3895931243896484,-2.511845111846924,-2.6450023651123047,-2.7561519145965576
-1.4421148300170898,-0.32235175371170044,0.8483920097351074,0.923252522945404,0.093780018389225,-1.281660556793213,-1.6097993850708008,-0.9894508123397827,-1.095980167388916,-1.2422147989273071,-0.9985442757606506,-0.9813372492790222,-1.0956476926803589,-0.685398519039154,0.050900839269161224,-0.079249806702137,-0.909044086933136,-0.9496312141418457,-0.608447790145874,-0.5372805595397949,-0.9478784203529358,-1.4203680753707886,-1.4626163244247437,-1.4111580848693848,-1.4073528051376343,-1.3383524417877197,-1.2748982906341553,-1.209286093711853,-1.152697205543518,-1.1558724641799927,-1.2124379873275757,-1.3094302415847778,-1.4355701208114624,-1.581030249595642,-1.7408814430236816,-1.889909267425537,-2.022696018218994,-2.158464193344116,-2.2898361682891846,-2.4100334644317627,-2.535114288330078,-2.6568737030029297,-2.765188217163086
-1.4810223579406738,-0.3647509813308716,0.08412616699934006,-0.0797310471534729,-0.4660648703575134,-1.3184890747070312,-1.5296224355697632,-1.1124393939971924,-1.2463929653167725,-1.3554084300994873,-0.8946143984794617,-0.6074152588844299,-1.0242350101470947,-1.0818700790405273,-0.24362024664878845,0.43185874819755554,0.13442954421043396,-0.6223950982093811,-0.7960624694824219,-0.8071991205215454,-1.3101301193237305,-1.5774452686309814,-1.4152884483337402,-1.3447126150131226,-1.4307756423950195,-1.4170171022415161,-1.3687849044799805,-1.3020179271697998,-1.2473381757736206,-1.2487728595733643,-1.2983901500701904,-1.383923888206482,-1.4993330240249634,-1.6351549625396729,-1.7830702066421509,-1.9217777252197266,-2.05051851272583,-2.1858742237091064,-2.3133020401000977,-2.435385227203369,-2.559793710708618,-2.6757078170776367,-2.776656150817871
-1.1022613048553467,-0.7337119579315186,-0.5747464299201965,-0.7135248184204102,-0.9180530905723572,-1.225174903869629,-1.3820760250091553,-1.1703120470046997,-1.3959208726882935,-1.1921616792678833,-0.3964720368385315,-0.239081472158432,-1.2573713064193726,-1.425835132598877,-0.6682463884353638,-0.29538023471832275,0.11236649006605148,-0.13900475203990936,-0.9465281367301941,-1.2500782012939453,-1.590214729309082,-1.8157802820205688,-1.4512511491775513,-1.3859248161315918,-1.5152744054794312,-1.4942703247070312,-1.4528937339782715,-1.388249158859253,-1.3366539478302002,-1.3326961994171143,-1.3767578601837158,-1.4564929008483887,-1.5654072761535645,-1.6923706531524658,-1.8311879634857178,-1.9610912799835205,-2.084137439727783,-2.2158780097961426,-2.345043420791626,-2.4709601402282715,-2.587789535522461,-2.698155403137207,-2.788926839828491
-0.45806384086608887,-0.7515921592712402,-0.4480135142803192,-0.22406311333179474,-0.6892560124397278,-1.1145994663238525,-1.029349446296692,-0.9800669550895691,-1.30250883102417,-1.164580225944519,-0.7123979330062866,-0.7334963083267212,-1.4085450172424316,-1.3598458766937256,-0.8283881545066833,-0.8371042609214783,-0.7536742687225342,-0.7502696514129639,-1.0438507795333862,-1.180607557296753,-1.8084843158721924,-2.2283544540405273,-1.6513054370880127,-1.52394437789917,-1.6224148273468018,-1.5669517517089844,-1.5281991958618164,-1.4678547382354736,-1.4202818870544434,-1.41554856300354,-1.454512119293213,-1.5320446491241455,-1.637655258178711,-1.7534205913543701,-1.8823199272155762,-2.0065908432006836,-2.120328903198242,-2.2494566440582275,-2.3852477073669434,-2.5038352012634277,-2.6138947010040283,-2.7235817909240723,-2.811277389526367
-0.01402087602764368,-0.30223602056503296,-0.0626850575208664,-0.09590019285678864,-0.7329996824264526,-1.0924917459487915,-0.6153026819229126,-0.5809904336929321,-0.9491232633590698,-1.1557979583740234,-1.3370912075042725,-1.2573250532150269,-0.9999878406524658,-0.7491738796234131,-0.636463463306427,-1.1425566673278809,-1.4148180484771729,-1.1430647373199463,-1.1269773244857788,-1.1870524883270264,-1.6127736568450928,-2.2509543895721436,-1.8500077724456787,-1.686117172241211,-1.7175333499908447,-1.6375031471252441,-1.6022419929504395,-1.5415008068084717,-1.4979701042175293,-1.4988203048706055,-1.5398812294006348,-1.6106781959533691,-1.7066131830215454,-1.8160444498062134,-1.937380075454712,-2.0543785095214844,-2.168445348739624,-2.295851230621338,-2.4265594482421875,-2.532151222229004,-2.634434700012207,-2.7478504180908203,-2.8399147987365723
0.017944689840078354,-0.07491841912269592,-0.212697833776474,-0.5172868371009827,-1.1306980848312378,-1.7268831729888916,-0.9543183445930481,-0.07366681098937988,-0.5628126263618469,-1.245220422744751,-1.2658464908599854,-1.1198195219039917,-0.5626215934753418,0.04033178463578224,-0.2211066633462906,-1.0906832218170166,-1.3173205852508545,-1.0997122526168823,-1.4724481105804443,-2.024876832962036,-2.157963752746582,-2.1139681339263916,-1.8296829462051392,-1.79249107837677,-1.7892533540725708,-1.7146111726760864,-1.6790852546691895,-1.6148138046264648,-1.5737248659133911,-1.576551914215088,-1.620908260345459,-1.6873607635498047,-1.778264045715332,-1.883590579032898,-1.9889376163482666,-2.095515012741089,-2.2178449630737305,-2.344318389892578,-2.4612364768981934,-2.557901382446289,-2.6603403091430664,-2.7729263305664062,-2.861607551574707
-0.5646671056747437,-0.20416152477264404,-0.88334721326828,-1.312656283378601,-0.6263927221298218,-1.236140251159668,-1.4612295627593994,-0.3273668587207794,0.053494893014431,-0.9069876074790955,-1.127229928970337,-0.47963184118270874,0.000972391979303211,0.08280019462108612,-0.8518840670585632,-1.1104763746261597,-0.5408753156661987,-0.5247521996498108,-1.3798105716705322,-2.052201747894287,-1.8401548862457275,-1.8367303609848022,-1.8528432846069336,-1.8792576789855957,-1.8612644672393799,-1.8009836673736572,-1.7592599391937256,-1.6922097206115723,-1.6538569927215576,-1.6548714637756348,-1.6968294382095337,-1.7612230777740479,-1.8510982990264893,-1.9525078535079956,-2.0434136390686035,-2.135192632675171,-2.2587673664093018,-2.3857851028442383,-2.4918782711029053,-2.5848827362060547,-2.6894447803497314,-2.799192428588867,-2.8850529193878174
-0.8813724517822266,-0.3125866651535034,-1.1597977876663208,-1.7518267631530762,-0.6785698533058167,-0.5387625694274902,-1.193596601486206,-0.5692246556282043,0.7748123407363892,0.2569139003753662,-0.7762277126312256,-0.5795634388923645,-0.05082433670759201,-0.2433168888092041,-1.2413232326507568,-1.1135445833206177,-0.4087201952934265,-0.5819357633590698,-1.5050740242004395,-2.079371452331543,-1.8538626432418823,-1.830568552017212,-1.9792412519454956,-1.980183720588684,-1.9565751552581787,-1.8987014293670654,-1.8417272567749023,-1.770240068435669,-1.7366636991500854,-1.7389764785766602,-1.7752890586853027,-1.8346343040466309,-1.9196031093597412,-2.0122158527374268,-2.0942962169647217,-2.183619976043701,-2.301771640777588,-2.419398784637451,-2.521888256072998,-2.6152994632720947,-2.7146356105804443,-2.821563720703125,-2.9094932079315186
-0.7655785083770752,-0.5835623741149902,-0.814084529876709,-1.5054253339767456,-1.3970389366149902,-0.6792541146278381,-0.29384952783584595,0.3760830760002136,1.0894882678985596,0.882260262966156,-0.20045378804206848,-1.1889004707336426,-1.0959267616271973,-0.247420072555542,-0.40102481842041016,-1.0665136575698853,-1.2545692920684814,-1.3417131900787354,-1.6835304498672485,-2.2796051502227783,-2.0474555492401123,-1.9966304302215576,-2.1858625411987305,-2.1050009727478027,-2.0696704387664795,-1.997274398803711,-1.926215648651123,-1.8532078266143799,-1.8216410875320435,-1.8260036706924438,-1.856728196144104,-1.9089329242706299,-1.9832136631011963,-2.0614824295043945,-2.1417298316955566,-2.238206386566162,-2.3502516746520996,-2.456561326980591,-2.5577423572540283,-2.645479679107666,-2.7393877506256104,-2.847592830657959,-2.9378576278686523
-0.7359302639961243,-1.1274209022521973,-0.9381821751594543,-1.1438617706298828,-1.5571892261505127,-1.2173850536346436,-0.30626702308654785,0.8764210939407349,1.1878141164779663,0.5264533758163452,-0.40377628803253174,-1.305532455444336,-1.3869383335113525,-0.40832504630088806,0.42886966466903687,-0.6571411490440369,-1.9792699813842773,-1.8114101886749268,-2.025362730026245,-2.463542938232422,-2.228787422180176,-2.2719645500183105,-2.376376152038574,-2.238769054412842,-2.194591999053955,-2.096917152404785,-2.0127387046813965,-1.9375052452087402,-1.904950499534607,-1.9096227884292603,-1.9378693103790283,-1.9854620695114136,-2.0491418838500977,-2.1120429039001465,-2.1914424896240234,-2.294644594192505,-2.4033937454223633,-2.501596450805664,-2.5924344062805176,-2.6747467517852783,-2.769986152648926,-2.877760410308838,-2.971963405609131
-0.6963170766830444,-1.6683378219604492,-1.437126636505127,-1.2473459243774414,-1.2878093719482422,-1.3123791217803955,-0.7364934086799622,0.1713244467973709,0.11234268546104431,-0.4787863492965698,-0.6629500389099121,-1.0595183372497559,-1.6317400932312012,-1.1109588146209717,-0.557201623916626,-1.2286338806152344,-1.9097362756729126,-2.1846330165863037,-2.319303512573242,-2.4643282890319824,-2.416626453399658,-2.53322434425354,-2.516143798828125,-2.3689515590667725,-2.3087234497070312,-2.1877856254577637,-2.0993704795837402,-2.019987106323242,-1.986325979232788,-1.9904414415359497,-2.0165038108825684,-2.057542562484741,-2.1117541790008545,-2.165170192718506,-2.23860764503479,-2.343953847885132,-2.4584267139434814,-2.5548787117004395,-2.632075548171997,-2.7106807231903076,-2.807847499847412,-2.9084696769714355,-2.9968314170837402
-0.5332016944885254,-1.1802566051483154,-1.426928162574768,-1.523388147354126,-1.3771942853927612,-1.3272980451583862,-1.1527462005615234,-0.8712428212165833,-1.1177613735198975,-1.474532961845398,-1.497684359550476,-1.3691445589065552,-1.2654309272766113,-1.107074499130249,-1.3601913452148438,-2.1097588539123535,-2.466468095779419,-2.4491946697235107,-2.5381882190704346,-2.6276698112487793,-2.6653530597686768,-2.7353992462158203,-2.6232752799987793,-2.494647979736328,-2.4070205688476562,-2.2690391540527344,-2.1823911666870117,-2.1026482582092285,-2.0719127655029297,-2.0735769271850586,-2.092164993286133,-2.1252903938293457,-2.170971632003784,-2.2242696285247803,-2.297060489654541,-2.3970766067504883,-2.510009288787842,-2.6011157035827637,-2.6714112758636475,-2.750998020172119,-2.8514609336853027,-2.946143388748169,-3.0209951400756836
-1.1904345750808716,-1.2708457708358765,-1.380399465560913,-1.6898398399353027,-1.504316806793213,-1.24522066116333,-1.2711848020553589,-1.6131242513656616,-2.210014581680298,-2.493452548980713,-2.334832191467285,-1.7677679061889648,-1.069832444190979,-0.9185126423835754,-1.779909610748291,-2.5620534420013428,-2.468151807785034,-2.5547261238098145,-2.7617993354797363,-2.8489856719970703,-2.883925437927246,-2.8600711822509766,-2.7099077701568604,-2.5989208221435547,-2.4829530715942383,-2.340991735458374,-2.2586581707000732,-2.1878457069396973,-2.1594324111938477,-2.1462395191192627,-2.154567241668701,-2.1858654022216797,-2.2301840782165527,-2.286623001098633,-2.3611788749694824,-2.4574975967407227,-2.561593770980835,-2.643082618713379,-2.7113215923309326,-2.7891314029693604,-2.8879804611206055,-2.982846260070801,-3.0531411170959473
-1.807492733001709,-1.7617316246032715,-1.4157854318618774,-1.5388333797454834,-1.0631582736968994,-0.48542463779449463,-0.7274315357208252,-1.5006705522537231,-1.951061725616455,-2.0263657569885254,-2.2059812545776367,-1.9155679941177368,-1.3638083934783936,-1.2663300037384033,-1.7503465414047241,-2.279646158218384,-2.460242748260498,-2.750852346420288,-3.0114967823028564,-3.0473217964172363,-3.026562213897705,-2.9360241889953613,-2.7889771461486816,-2.680873155593872,-2.5458145141601562,-2.413973569869995,-2.3326263427734375,-2.265575885772705,-2.2352538108825684,-2.209717273712158,-2.2091562747955322,-2.2402782440185547,-2.2917213439941406,-2.3517987728118896,-2.4250197410583496,-2.51523756980896,-2.609783172607422,-2.6866295337677,-2.7545366287231445,-2.8306236267089844,-2.924266815185547,-3.0166914463043213,-3.089188814163208
