wind_JJA_day_native.json
{"header": {"parameterCategory": 2, "parameterUnit": "m/s", "nx": 220, "ny": 280, "lo1": 118.693, "la1": 26.2568353691, "lo2": 123.2203272787, "la2": 21.0494, "dx": 0.0206727273, "dy": 0.0186646429, "refTime": "2025-01-01 00:00:00", "forecastTime": 0, "parameterNumber": 3}, "data":
[rows 133 to 151 of 280, columns 43 to 85 of 220]
1.8114261627197266,1.797155737876892,1.7223308086395264,1.6750900745391846,1.602243423461914,1.6141141653060913,1.6327705383300781,1.6817283630371094,1.73548424243927,1.8026853799819946,1.8642641305923462,1.9067810773849487,1.9373208284378052,1.9744024276733398,2.012467622756958,2.0405452251434326,2.0597777366638184,2.0736513137817383,2.080153703689575,2.085966110229492,2.0876755714416504,2.08034348487854,2.0646774768829346,2.043144941329956,2.006417989730835,1.9649600982666016,1.9169347286224365,1.8473560810089111,1.7657790184020996,1.723565936088562,1.1121360063552856,0.7425228357315063,0.9054850339889526,0.8313501477241516,0.7883434891700745,0.7314753532409668,0.6707569360733032,0.7223281860351562,0.802320659160614,0.7805209755897522,0.8026150465011597,0.8974238634109497,0.5012572407722473
1.804481029510498,1.7722113132476807,1.6619471311569214,1.608555793762207,1.5470283031463623,1.578582763671875,1.6179225444793701,1.6844658851623535,1.7513834238052368,1.8212311267852783,1.8760550022125244,1.9173147678375244,1.9509217739105225,1.989213466644287,2.0260798931121826,2.0527799129486084,2.0721611976623535,2.0847244262695312,2.089301586151123,2.090125560760498,2.0838348865509033,2.071554183959961,2.054922342300415,2.0328705310821533,1.992172122001648,1.9494163990020752,1.903296709060669,1.8083909749984741,1.7824547290802002,1.5328419208526611,1.3625671863555908,1.3240034580230713,1.1030247211456299,0.8488966226577759,0.7576277256011963,0.704375147819519,0.7435238361358643,0.760735809803009,0.8061251640319824,0.8077096343040466,0.8694596290588379,0.8562689423561096,0.8298696875572205
1.7833685874938965,1.7191022634506226,1.5756003856658936,1.5357434749603271,1.495123267173767,1.5462709665298462,1.607835054397583,1.6939654350280762,1.775195598602295,1.8468132019042969,1.892688512802124,1.932955026626587,1.971280574798584,2.0096230506896973,2.0412120819091797,2.0641160011291504,2.0806045532226562,2.0909712314605713,2.094557762145996,2.089508056640625,2.0757970809936523,2.062427043914795,2.045030117034912,2.018540859222412,1.975831151008606,1.9351916313171387,1.881477952003479,1.7818442583084106,1.7587943077087402,1.4077160358428955,1.7226017713546753,1.265882134437561,0.9631654620170593,0.7941491007804871,0.7425553798675537,0.7288623452186584,0.7819177508354187,0.7899798154830933,0.8281026482582092,0.8076205253601074,0.8386997580528259,0.7872602343559265,0.913999617099762
1.7400797605514526,1.6246141195297241,1.469007134437561,1.4705783128738403,1.4572813510894775,1.5354442596435547,1.616652250289917,1.7196704149246216,1.806231141090393,1.8753215074539185,1.918032169342041,1.956407070159912,1.9962024688720703,2.034771680831909,2.059112071990967,2.072023630142212,2.081414222717285,2.0880184173583984,2.090705633163452,2.087362051010132,2.0756916999816895,2.063058614730835,2.039311647415161,2.0074551105499268,1.962137222290039,1.9247220754623413,1.8538991212844849,1.7765098810195923,1.6997811794281006,1.433677315711975,1.3317025899887085,0.9677984714508057,0.8412417769432068,0.7966135740280151,0.7817783355712891,0.7739002108573914,0.7955167293548584,0.8267810344696045,0.8572108745574951,0.8094427585601807,0.8519145846366882,0.7860488295555115,0.8749332427978516
1.6526066064834595,1.4818058013916016,1.3565037250518799,1.4295703172683716,1.4431474208831787,1.5460563898086548,1.641141653060913,1.7497316598892212,1.8323209285736084,1.8978229761123657,1.9452893733978271,1.9895899295806885,2.0308539867401123,2.0618910789489746,2.079545021057129,2.086000919342041,2.0881998538970947,2.089707374572754,2.0898923873901367,2.0857348442077637,2.0792665481567383,2.0648691654205322,2.0364723205566406,2.0000956058502197,1.954592227935791,1.9159173965454102,1.8322128057479858,1.7760735750198364,1.6483795642852783,1.3349065780639648,0.8647404909133911,0.7911635041236877,0.842242419719696,0.864682674407959,0.866042971611023,0.8464829325675964,0.8956503868103027,0.8792734146118164,0.9326074123382568,0.8673133850097656,0.9155759811401367,0.6853694319725037,0.7855575084686279
1.5193792581558228,1.3501369953155518,1.3161417245864868,1.4510250091552734,1.4525831937789917,1.5627819299697876,1.6605372428894043,1.7704801559448242,1.8543128967285156,1.9231762886047363,1.9804248809814453,2.03159499168396,2.0669846534729004,2.0866169929504395,2.0978870391845703,2.1011853218078613,2.1008877754211426,2.0977468490600586,2.093870162963867,2.0855257511138916,2.0753486156463623,2.058412790298462,2.0316646099090576,1.9944343566894531,1.9518355131149292,1.9117611646652222,1.8159232139587402,1.7991790771484375,1.536624550819397,1.0157744884490967,0.6878559589385986,0.7633028030395508,0.8708771467208862,0.8950762748718262,0.8862205743789673,0.8706194162368774,0.9011458158493042,0.8930023908615112,0.9537355899810791,0.8798208236694336,0.8814225792884827,0.7788625955581665,0.8886098265647888
1.316272497177124,1.2732231616973877,1.3328670263290405,1.4562363624572754,1.4146990776062012,1.5387390851974487,1.6601033210754395,1.7946566343307495,1.8927844762802124,1.9691263437271118,2.0291733741760254,2.068887948989868,2.088479518890381,2.1020116806030273,2.1130332946777344,2.1130189895629883,2.1080756187438965,2.1009767055511475,2.093360424041748,2.0830609798431396,2.0687408447265625,2.0508718490600586,2.025905132293701,1.9862651824951172,1.9528899192810059,1.8941417932510376,1.8200461864471436,1.7949907779693604,1.3060561418533325,0.8757565021514893,0.8686917424201965,0.914840817451477,0.9553050398826599,0.9439072608947754,0.9394792914390564,0.933545708656311,0.9510787725448608,0.9226303100585938,0.9864286184310913,0.7690014243125916,0.8371829986572266,0.9826170802116394,1.0653140544891357
1.3540806770324707,1.3695348501205444,1.3571550846099854,1.3725237846374512,1.3024519681930542,1.4807472229003906,1.663635492324829,1.837309718132019,1.9486874341964722,2.0250213146209717,2.070797920227051,2.0952887535095215,2.104008436203003,2.110597848892212,2.120910882949829,2.1175200939178467,2.1053202152252197,2.0992069244384766,2.091381072998047,2.079906463623047,2.0641579627990723,2.0439181327819824,2.015623092651367,1.9784834384918213,1.9468432664871216,1.8732554912567139,1.8545399904251099,1.6350629329681396,1.1983990669250488,1.1204419136047363,1.0858702659606934,1.0247029066085815,1.0023983716964722,0.9773561954498291,0.9520041942596436,0.941704273223877,0.980648398399353,0.9695247411727905,0.954185962677002,0.7971804141998291,0.9398645758628845,0.9786669015884399,0.963327944278717
1.6579699516296387,1.4412117004394531,1.2072302103042603,1.173785924911499,1.1732008457183838,1.4642231464385986,1.7194267511367798,1.9168837070465088,2.0227439403533936,2.0757625102996826,2.097330093383789,2.1114702224731445,2.115011692047119,2.113912582397461,2.1155283451080322,2.1078872680664062,2.09765625,2.0928354263305664,2.0872554779052734,2.0743162631988525,2.056323766708374,2.033395290374756,2.006350040435791,1.9709376096725464,1.938614845275879,1.8544248342514038,1.9049898386001587,1.3185319900512695,1.1892306804656982,1.1764583587646484,1.1330420970916748,1.0941628217697144,1.0716708898544312,1.0238646268844604,0.9893103837966919,0.9546240568161011,0.9261137247085571,0.9295502305030823,0.9049465656280518,0.9957205057144165,0.9905921816825867,0.9209370613098145,0.8778802156448364
1.6237684488296509,1.156787395477295,0.8744086027145386,0.9566999673843384,1.0989434719085693,1.5479865074157715,1.8583027124404907,2.0390162467956543,2.1006715297698975,2.1104652881622314,2.1085968017578125,2.109973669052124,2.1088361740112305,2.106990098953247,2.1015610694885254,2.0943639278411865,2.0910956859588623,2.0843231678009033,2.0760107040405273,2.0616257190704346,2.0434300899505615,2.025156259536743,1.9987101554870605,1.9682153463363647,1.914771318435669,1.8789777755737305,1.8097635507583618,1.5091328620910645,1.3568992614746094,1.2600970268249512,1.2230181694030762,1.1809170246124268,1.1319597959518433,1.0462803840637207,1.0516538619995117,0.981793999671936,0.9087380766868591,0.9057301878929138,0.9194066524505615,0.9487352967262268,0.9270355701446533,0.8695032596588135,0.8065257668495178
1.1513545513153076,0.9219226837158203,0.7352450489997864,0.9603208303451538,1.1386793851852417,1.7122743129730225,2.0204904079437256,2.131500482559204,2.1313068866729736,2.110499858856201,2.0950207710266113,2.0895159244537354,2.089979410171509,2.093184471130371,2.089844226837158,2.085566997528076,2.0837721824645996,2.077439308166504,2.065610408782959,2.0513124465942383,2.036634922027588,2.020472288131714,1.9962518215179443,1.9630478620529175,1.9061826467514038,1.8834080696105957,1.7304905652999878,1.9468774795532227,1.4392269849777222,1.2869274616241455,1.257419466972351,1.2094533443450928,1.143501877784729,1.0814487934112549,1.0730534791946411,0.962837815284729,0.9312610626220703,0.901944637298584,0.8983281254768372,0.882072925567627,0.8892207145690918,0.8585485816001892,0.5964820981025696
0.7341334819793701,1.125206470489502,1.2256548404693604,1.5403363704681396,1.328922152519226,1.9254475831985474,2.133542537689209,2.149852752685547,2.111112356185913,2.0873260498046875,2.074828624725342,2.071188449859619,2.0775458812713623,2.0827670097351074,2.081468343734741,2.076061964035034,2.072242259979248,2.0660462379455566,2.057554244995117,2.048166275024414,2.036095142364502,2.015953779220581,1.9926427602767944,1.9564481973648071,1.9097496271133423,1.854651689529419,1.7752184867858887,1.7760393619537354,1.3717117309570312,1.2911734580993652,1.279646396636963,1.211634874343872,1.1527698040008545,1.153762936592102,0.9161226153373718,0.8713178634643555,0.9044926166534424,0.8857331871986389,0.9180757999420166,0.8785580396652222,0.8976436853408813,0.7622277140617371,0.681763768196106
1.0712836980819702,1.5914970636367798,1.813509464263916,2.281564950942993,1.721843957901001,2.103386878967285,2.1612181663513184,2.112339735031128,2.0755128860473633,2.064530611038208,2.0598368644714355,2.0607542991638184,2.0682485103607178,2.069575786590576,2.0684900283813477,2.065701723098755,2.0596139430999756,2.052577257156372,2.048760175704956,2.0466506481170654,2.0345077514648438,2.01190185546875,1.9828107357025146,1.9518224000930786,1.8988854885101318,1.8488256931304932,1.7808502912521362,1.568496584892273,1.6011070013046265,1.470381259918213,1.3635156154632568,1.2255816459655762,1.1960549354553223,1.1020195484161377,0.9006407260894775,0.9560843706130981,1.0072803497314453,0.8076850175857544,0.9068458080291748,0.8603737354278564,0.9250613451004028,0.5723143219947815,0.7600716352462769
1.596313714981079,1.8316879272460938,2.2756502628326416,2.7142248153686523,2.1958999633789062,2.137640953063965,2.1107139587402344,2.0546512603759766,2.040550470352173,2.0394387245178223,2.0393104553222656,2.045217514038086,2.0515174865722656,2.0502359867095947,2.052347183227539,2.0570569038391113,2.0525012016296387,2.0461618900299072,2.0451102256774902,2.0420708656311035,2.030482769012451,2.005199432373047,1.9751189947128296,1.9413800239562988,1.8891339302062988,1.8470911979675293,1.717406153678894,1.516571283340454,1.781760811805725,1.4202115535736084,1.3084547519683838,1.1842782497406006,1.1558506488800049,1.0321006774902344,1.0747108459472656,1.0425677299499512,0.9985713958740234,0.8261420130729675,0.9452649354934692,0.8580073118209839,0.8814567923545837,0.504595160484314,0.5910014510154724
1.689447283744812,2.1070759296417236,2.6546785831451416,2.599025249481201,2.4489059448242188,2.0559897422790527,2.048508882522583,2.0272886753082275,2.0273523330688477,2.025529384613037,2.024416446685791,2.0288050174713135,2.0354466438293457,2.037567615509033,2.0381031036376953,2.0449140071868896,2.0481770038604736,2.045320510864258,2.043081045150757,2.0327789783477783,2.0207505226135254,1.9947794675827026,1.9673690795898438,1.931281328201294,1.8721140623092651,1.85536527633667,1.5856773853302002,1.5524941682815552,1.5339772701263428,1.2663853168487549,1.2554795742034912,1.170746088027954,1.12845778465271,1.0758832693099976,1.054216980934143,0.9951944351196289,0.8983869552612305,1.0110526084899902,1.000328779220581,0.7316755056381226,0.7267791032791138,0.5632405281066895,0.4569467306137085
1.9317927360534668,2.456266403198242,2.4792823791503906,2.3301520347595215,2.274632215499878,2.0027995109558105,2.0338358879089355,2.030454635620117,2.0342233180999756,2.0299131870269775,2.026503562927246,2.024624824523926,2.0259833335876465,2.028407096862793,2.0267882347106934,2.031165838241577,2.040473461151123,2.0446834564208984,2.038740873336792,2.0238640308380127,2.01143217086792,1.9850386381149292,1.966536045074463,1.9149523973464966,1.8777083158493042,1.7999153137207031,1.65904700756073,1.7350372076034546,1.256784200668335,1.1554726362228394,1.2271244525909424,1.2226488590240479,1.1912518739700317,1.0983200073242188,1.0275089740753174,0.9857624173164368,0.9389621019363403,0.9960721135139465,0.7980376482009888,0.5684658288955688,0.6420356631278992,0.5729787349700928,0.4267115592956543
2.081458330154419,2.2073047161102295,2.213315486907959,2.1558773517608643,2.137176990509033,1.9811806678771973,2.01477313041687,2.017894744873047,2.0304651260375977,2.0300369262695312,2.027660608291626,2.022096872329712,2.0183143615722656,2.0181450843811035,2.0211021900177,2.024724006652832,2.032499074935913,2.041072368621826,2.0344302654266357,2.016893148422241,2.003815174102783,1.976364254951477,1.9586056470870972,1.9001760482788086,1.8776800632476807,1.743452548980713,1.8346844911575317,1.7212719917297363,1.392146110534668,1.2965010404586792,1.2937170267105103,1.2537707090377808,1.1560560464859009,1.0495502948760986,1.003723382949829,0.9766439199447632,0.9530020952224731,0.936092734336853,0.7884273529052734,0.7552205920219421,0.6410410404205322,0.6076992750167847,0.5998978018760681
1.9159502983093262,2.0189242362976074,2.0783591270446777,2.0635929107666016,2.046147346496582,1.9593887329101562,1.9948649406433105,2.000776529312134,2.0183236598968506,2.0234432220458984,2.021435499191284,2.0152976512908936,2.01176381111145,2.0135693550109863,2.0213260650634766,2.026028633117676,2.030017614364624,2.0349318981170654,2.028407335281372,2.010953903198242,1.996174693107605,1.9635140895843506,1.9390004873275757,1.8859449625015259,1.8565635681152344,1.7509701251983643,1.7859079837799072,1.592495083808899,1.7131695747375488,1.5226163864135742,1.3561798334121704,1.2521891593933105,0.9954103231430054,0.953378438949585,0.9569386839866638,0.9562844634056091,0.9566607475280762,0.930730402469635,0.9561796188354492,0.8308098912239075,0.5894768238067627,0.6185687184333801,0.6580221652984619
1.8883061408996582,1.9645332098007202,2.02249813079834,2.009443521499634,2.00103759765625,1.9608957767486572,1.9934161901474,1.9888570308685303,2.001037120819092,2.0084609985351562,2.010633945465088,2.0107388496398926,2.00984787940979,2.012862205505371,2.02073073387146,2.026350259780884,2.029872417449951,2.0273685455322266,2.021721839904785,2.008397340774536,1.9913108348846436,1.952494740486145,1.9259672164916992,1.8692069053649902,1.848049283027649,1.7498805522918701,1.7502672672271729,1.6119389533996582,1.7017608880996704,1.3893914222717285,1.144085168838501,1.0510971546173096,0.8918075561523438,0.9515666961669922,0.9716190695762634,0.971971869468689,0.9593628644943237,0.9775315523147583,0.9146651029586792,0.8864356875419617,0.7742228507995605,0.7709397673606873,0.7821441888809204
