wind_DJF_day_native.json
{"header": {"parameterCategory": 2, "parameterUnit": "m/s", "nx": 220, "ny": 280, "lo1": 118.693, "la1": 26.2568353691, "lo2": 123.2203272787, "la2": 21.0494, "dx": 0.0206727273, "dy": 0.0186646429, "refTime": "2025-01-01 00:00:00", "forecastTime": 0, "parameterNumber": 2}, "data":
[rows 209 to 227 of 280, columns 0 to 42 of 220]
-4.614526271820068,-4.560911178588867,-4.513871192932129,-4.471986770629883,-4.438777923583984,-4.416958808898926,-4.402092933654785,-4.373767375946045,-4.300009727478027,-4.177744388580322,-4.1028547286987305,-4.038139343261719,-3.968581199645996,-3.913891553878784,-3.8487138748168945,-3.789311647415161,-3.7271628379821777,-3.67812442779541,-3.6329612731933594,-3.5836434364318848,-3.523899555206299,-3.4623730182647705,-3.4052348136901855,-3.349336862564087,-3.288261651992798,-3.2213330268859863,-3.1514248847961426,-3.0838379859924316,-3.014258861541748,-2.9397780895233154,-2.867093801498413,-2.800532341003418,-2.730210781097412,-2.6486921310424805,-2.567901134490967,-2.49771785736084,-2.4277000427246094,-2.3492674827575684,-2.270376443862915,-2.190866708755493,-2.1066222190856934,-2.0232908725738525,-1.9415397644042969
-4.612063407897949,-4.558056831359863,-4.512392997741699,-4.471430778503418,-4.438589096069336,-4.416444778442383,-4.400727272033691,-4.371577262878418,-4.29624605178833,-4.171102046966553,-4.0969414710998535,-4.035037994384766,-3.965872049331665,-3.91164231300354,-3.8479700088500977,-3.791046619415283,-3.7327611446380615,-3.6855146884918213,-3.637688636779785,-3.585331916809082,-3.5234570503234863,-3.4613687992095947,-3.405797243118286,-3.3509554862976074,-3.288067102432251,-3.2189340591430664,-3.152279853820801,-3.088508367538452,-3.017726421356201,-2.9412546157836914,-2.8709018230438232,-2.807049036026001,-2.7342019081115723,-2.6533329486846924,-2.575744152069092,-2.5045154094696045,-2.4329729080200195,-2.3556535243988037,-2.2770261764526367,-2.197532892227173,-2.1154139041900635,-2.0307047367095947,-1.947018027305603
-4.611983299255371,-4.557866096496582,-4.512392997741699,-4.472020149230957,-4.439508438110352,-4.417344093322754,-4.4010725021362305,-4.370726108551025,-4.293353080749512,-4.166365623474121,-4.092799663543701,-4.034485340118408,-3.9677734375,-3.9119105339050293,-3.8483009338378906,-3.7954061031341553,-3.741015672683716,-3.692939281463623,-3.6401727199554443,-3.5848824977874756,-3.5253171920776367,-3.4657034873962402,-3.408641815185547,-3.3516476154327393,-3.286968231201172,-3.217411756515503,-3.153323173522949,-3.092336654663086,-3.022977590560913,-2.9473228454589844,-2.878394603729248,-2.81306791305542,-2.7399096488952637,-2.664928436279297,-2.590585708618164,-2.5154531002044678,-2.4416134357452393,-2.366398334503174,-2.2885563373565674,-2.207874298095703,-2.1236019134521484,-2.0395145416259766,-1.9566580057144165
-4.6127800941467285,-4.558774948120117,-4.513735771179199,-4.473708152770996,-4.441564559936523,-4.419508934020996,-4.402618408203125,-4.370692253112793,-4.291689872741699,-4.163910388946533,-4.090641975402832,-4.03342342376709,-3.968797445297241,-3.9139344692230225,-3.8521087169647217,-3.8041584491729736,-3.751311779022217,-3.698838710784912,-3.6423051357269287,-3.5886905193328857,-3.5330004692077637,-3.474031686782837,-3.4120311737060547,-3.350017547607422,-3.2862212657928467,-3.2222561836242676,-3.161257743835449,-3.097482442855835,-3.02582049369812,-2.953138828277588,-2.88739275932312,-2.820664644241333,-2.748192071914673,-2.677729606628418,-2.608715057373047,-2.5366742610931396,-2.4592607021331787,-2.377190351486206,-2.2932748794555664,-2.2103891372680664,-2.1306233406066895,-2.051455497741699,-1.9705500602722168
-4.616456985473633,-4.562540054321289,-4.517245292663574,-4.477227687835693,-4.445223331451416,-4.422973155975342,-4.405482292175293,-4.372350692749023,-4.291779518127441,-4.163967132568359,-4.092181205749512,-4.034746170043945,-3.972013235092163,-3.9207024574279785,-3.8610737323760986,-3.8145811557769775,-3.759385585784912,-3.703563690185547,-3.646583080291748,-3.5948119163513184,-3.541079044342041,-3.4823622703552246,-3.417649507522583,-3.352832317352295,-3.2914884090423584,-3.2317986488342285,-3.1685307025909424,-3.1002142429351807,-3.0315914154052734,-2.965630531311035,-2.898350238800049,-2.826779842376709,-2.7548987865448,-2.68628191947937,-2.62003231048584,-2.549635410308838,-2.4707751274108887,-2.38564395904541,-2.2994065284729004,-2.2166717052459717,-2.140176773071289,-2.065427303314209,-1.9853168725967407
-4.621828079223633,-4.568004131317139,-4.52238130569458,-4.482229232788086,-4.44989538192749,-4.427314758300781,-4.409488677978516,-4.375089645385742,-4.2917585372924805,-4.163485527038574,-4.095977306365967,-4.0410308837890625,-3.979029655456543,-3.9299933910369873,-3.8703691959381104,-3.822178602218628,-3.7678377628326416,-3.7138001918792725,-3.6551156044006348,-3.5993428230285645,-3.5466747283935547,-3.4920639991760254,-3.4261655807495117,-3.357262134552002,-3.2973313331604004,-3.240201473236084,-3.1743533611297607,-3.1058461666107178,-3.041506290435791,-2.977968215942383,-2.9092907905578613,-2.8351423740386963,-2.760370969772339,-2.6926932334899902,-2.6294050216674805,-2.5583388805389404,-2.478567600250244,-2.396005392074585,-2.31166410446167,-2.2281723022460938,-2.152195453643799,-2.0782551765441895,-1.999198317527771
-4.628222942352295,-4.573972225189209,-4.5295820236206055,-4.489710807800293,-4.457338333129883,-4.434647083282471,-4.41657829284668,-4.381464004516602,-4.297351837158203,-4.168417930603027,-4.100741863250732,-4.047325611114502,-3.9884915351867676,-3.941915512084961,-3.883911371231079,-3.8356122970581055,-3.781449317932129,-3.7276456356048584,-3.667091131210327,-3.6072311401367188,-3.5506014823913574,-3.496206283569336,-3.4315664768218994,-3.3645381927490234,-3.306091070175171,-3.2485005855560303,-3.1829144954681396,-3.115633249282837,-3.0512826442718506,-2.98848819732666,-2.9232358932495117,-2.8512167930603027,-2.7752387523651123,-2.704616069793701,-2.6370253562927246,-2.562460422515869,-2.483973503112793,-2.4078521728515625,-2.32843017578125,-2.245424509048462,-2.166860342025757,-2.0923197269439697,-2.016866445541382
-4.635220050811768,-4.580739974975586,-4.5374040603637695,-4.497932434082031,-4.465677261352539,-4.443020820617676,-4.424745082855225,-4.389561176300049,-4.305366516113281,-4.1757402420043945,-4.107563018798828,-4.05515718460083,-3.9989800453186035,-3.954380750656128,-3.897108554840088,-3.8475341796875,-3.791893720626831,-3.7382073402404785,-3.676931858062744,-3.6150689125061035,-3.555514335632324,-3.5005390644073486,-3.44120454788208,-3.3790595531463623,-3.3176426887512207,-3.258023977279663,-3.1953203678131104,-3.1281967163085938,-3.062183141708374,-2.9989116191864014,-2.9352779388427734,-2.867084264755249,-2.792604923248291,-2.718721389770508,-2.647160053253174,-2.57081937789917,-2.493553638458252,-2.42232084274292,-2.348240613937378,-2.2680468559265137,-2.1899795532226562,-2.112752914428711,-2.035836696624756
-4.64373254776001,-4.589195251464844,-4.546589374542236,-4.50721549987793,-4.474896430969238,-4.452043056488037,-4.432980537414551,-4.396013259887695,-4.309223651885986,-4.178847789764404,-4.112794876098633,-4.062451362609863,-4.0087714195251465,-3.9669108390808105,-3.910590171813965,-3.858987808227539,-3.798460006713867,-3.742612600326538,-3.683285713195801,-3.624445915222168,-3.5671935081481934,-3.513005495071411,-3.454665184020996,-3.392430305480957,-3.3292689323425293,-3.2686681747436523,-3.209503173828125,-3.1456422805786133,-3.07688570022583,-3.0095362663269043,-2.9449846744537354,-2.8794469833374023,-2.8103020191192627,-2.7378926277160645,-2.6616897583007812,-2.581359624862671,-2.504528522491455,-2.437232494354248,-2.3706915378570557,-2.2978627681732178,-2.2187438011169434,-2.133793354034424,-2.053684949874878
-4.654735088348389,-4.600278854370117,-4.558021545410156,-4.518458843231201,-4.486052513122559,-4.462932586669922,-4.442810535430908,-4.402933120727539,-4.3117218017578125,-4.179073333740234,-4.117089748382568,-4.071050643920898,-4.015964508056641,-3.97507643699646,-3.922268867492676,-3.8704395294189453,-3.805978775024414,-3.747783899307251,-3.691056489944458,-3.636746406555176,-3.5811870098114014,-3.525358200073242,-3.4677155017852783,-3.407064914703369,-3.34382700920105,-3.2835068702697754,-3.2250542640686035,-3.162388324737549,-3.0929367542266846,-3.022738456726074,-2.9580259323120117,-2.8946328163146973,-2.8281891345977783,-2.757777690887451,-2.6819725036621094,-2.6040239334106445,-2.5305023193359375,-2.4640579223632812,-2.398897409439087,-2.326371669769287,-2.2438137531280518,-2.1593263149261475,-2.0839152336120605
-4.667686939239502,-4.613129615783691,-4.570393085479736,-4.530709266662598,-4.498287200927734,-4.474817752838135,-4.453122138977051,-4.4098358154296875,-4.314255714416504,-4.182670593261719,-4.125261306762695,-4.080587387084961,-4.024142742156982,-3.9823358058929443,-3.9288744926452637,-3.877561330795288,-3.813765048980713,-3.754629611968994,-3.698784589767456,-3.647066593170166,-3.5944252014160156,-3.54107666015625,-3.4832329750061035,-3.421566963195801,-3.359964609146118,-3.301414966583252,-3.241861343383789,-3.177173137664795,-3.1074724197387695,-3.038821220397949,-2.9759957790374756,-2.914544105529785,-2.8484630584716797,-2.7787466049194336,-2.70647931098938,-2.632568359375,-2.5620412826538086,-2.4939117431640625,-2.425163745880127,-2.3538196086883545,-2.2780838012695312,-2.2013258934020996,-2.1279289722442627
-4.684592247009277,-4.629590034484863,-4.586735248565674,-4.547189712524414,-4.5144853591918945,-4.490056037902832,-4.4666948318481445,-4.421389579772949,-4.324102401733398,-4.192094802856445,-4.134605407714844,-4.087874412536621,-4.032597541809082,-3.9919185638427734,-3.9361143112182617,-3.8839218616485596,-3.8220767974853516,-3.764976739883423,-3.7089667320251465,-3.6599631309509277,-3.611541271209717,-3.557694911956787,-3.49870228767395,-3.4384336471557617,-3.378314256668091,-3.319990634918213,-3.25773024559021,-3.1900298595428467,-3.123410224914551,-3.060570001602173,-2.99855375289917,-2.9367611408233643,-2.871054172515869,-2.8021998405456543,-2.7326018810272217,-2.6615147590637207,-2.5931758880615234,-2.5266222953796387,-2.4589130878448486,-2.389303207397461,-2.317699909210205,-2.24631929397583,-2.174362897872925
-4.69793701171875,-4.643043518066406,-4.600854396820068,-4.561701774597168,-4.528867721557617,-4.5035505294799805,-4.478689670562744,-4.432884216308594,-4.338277339935303,-4.20797061920166,-4.145891189575195,-4.0953850746154785,-4.040270805358887,-4.001196384429932,-3.949129343032837,-3.8985772132873535,-3.837141513824463,-3.781787395477295,-3.7286581993103027,-3.6811108589172363,-3.631646156311035,-3.5768356323242188,-3.517313003540039,-3.456967353820801,-3.3972175121307373,-3.3399953842163086,-3.279371738433838,-3.2148685455322266,-3.1517679691314697,-3.0895943641662598,-3.0270309448242188,-2.9675252437591553,-2.9068470001220703,-2.8415462970733643,-2.7734038829803467,-2.706122398376465,-2.639608383178711,-2.568626880645752,-2.49849796295166,-2.430555582046509,-2.3620872497558594,-2.295701742172241,-2.2274227142333984
-4.711108207702637,-4.656536102294922,-4.614978790283203,-4.575867652893066,-4.542701721191406,-4.516243934631348,-4.489559173583984,-4.44359827041626,-4.351883411407471,-4.223329067230225,-4.15760612487793,-4.105052471160889,-4.052123069763184,-4.015264987945557,-3.9657435417175293,-3.9155399799346924,-3.853379726409912,-3.8014538288116455,-3.7542009353637695,-3.708239793777466,-3.657057046890259,-3.601762294769287,-3.5406575202941895,-3.47782039642334,-3.418271780014038,-3.363481044769287,-3.3056979179382324,-3.242344617843628,-3.179481029510498,-3.119507074356079,-3.0607457160949707,-3.0044004917144775,-2.9466168880462646,-2.883727788925171,-2.8169121742248535,-2.7507240772247314,-2.683439254760742,-2.609848737716675,-2.539557456970215,-2.4746742248535156,-2.408059597015381,-2.3421170711517334,-2.2759971618652344
-4.72594690322876,-4.671900749206543,-4.630219459533691,-4.591109275817871,-4.557754993438721,-4.530299186706543,-4.501469612121582,-4.453434467315674,-4.361577987670898,-4.2350029945373535,-4.172122955322266,-4.123657703399658,-4.073998928070068,-4.036565780639648,-3.98238468170166,-3.9300105571746826,-3.8714349269866943,-3.8236050605773926,-3.7777786254882812,-3.731473207473755,-3.6817002296447754,-3.6276257038116455,-3.567340135574341,-3.506801128387451,-3.449608325958252,-3.395092725753784,-3.3354077339172363,-3.2716336250305176,-3.212754011154175,-3.1576035022735596,-3.1010661125183105,-3.045374870300293,-2.9858815670013428,-2.920072078704834,-2.854466199874878,-2.7916555404663086,-2.725438117980957,-2.6543872356414795,-2.586113452911377,-2.52091646194458,-2.455080509185791,-2.389718770980835,-2.324962854385376
-4.741062164306641,-4.687549114227295,-4.645890235900879,-4.6069231033325195,-4.573597431182861,-4.545504570007324,-4.515188217163086,-4.464499473571777,-4.369844913482666,-4.244524002075195,-4.18774938583374,-4.144889831542969,-4.096254348754883,-4.05772590637207,-4.002025604248047,-3.950965404510498,-3.8953537940979004,-3.8466029167175293,-3.800077199935913,-3.754547119140625,-3.7035272121429443,-3.6514828205108643,-3.598628520965576,-3.5437283515930176,-3.4887611865997314,-3.435429811477661,-3.375835418701172,-3.3126039505004883,-3.2554290294647217,-3.199110746383667,-3.1390933990478516,-3.0821619033813477,-3.0228219032287598,-2.9577033519744873,-2.8963351249694824,-2.837178945541382,-2.7712607383728027,-2.7014269828796387,-2.6362130641937256,-2.5735130310058594,-2.5089526176452637,-2.445072650909424,-2.3843414783477783
-4.755614280700684,-4.7023138999938965,-4.662944793701172,-4.625309944152832,-4.592750549316406,-4.565280914306641,-4.535711765289307,-4.484689712524414,-4.3873372077941895,-4.2614054679870605,-4.2094221115112305,-4.170395374298096,-4.121194839477539,-4.082839488983154,-4.029269695281982,-3.977993965148926,-3.922506809234619,-3.875413417816162,-3.829322099685669,-3.780978202819824,-3.725174903869629,-3.6737396717071533,-3.6278254985809326,-3.5790460109710693,-3.5267062187194824,-3.4741954803466797,-3.4140141010284424,-3.3506457805633545,-3.291783332824707,-3.235168695449829,-3.1775684356689453,-3.119889497756958,-3.061842441558838,-3.000977039337158,-2.9406754970550537,-2.880218029022217,-2.8140063285827637,-2.747004508972168,-2.686722755432129,-2.6280012130737305,-2.5649280548095703,-2.5031538009643555,-2.446218729019165
-4.772135257720947,-4.71890115737915,-4.680490493774414,-4.64434289932251,-4.612828254699707,-4.5866923332214355,-4.559029579162598,-4.508693218231201,-4.4091668128967285,-4.28294563293457,-4.232167720794678,-4.192781925201416,-4.145163059234619,-4.108582019805908,-4.056353569030762,-4.007232666015625,-3.955345630645752,-3.9103899002075195,-3.8602638244628906,-3.8078529834747314,-3.7527289390563965,-3.7030189037323,-3.6573727130889893,-3.6101903915405273,-3.5595502853393555,-3.506258964538574,-3.4485092163085938,-3.3886501789093018,-3.3289597034454346,-3.273508071899414,-3.221254348754883,-3.1659421920776367,-3.1071200370788574,-3.0460848808288574,-2.9848039150238037,-2.9248743057250977,-2.8622689247131348,-2.7996554374694824,-2.743032932281494,-2.6855452060699463,-2.62435245513916,-2.566073417663574,-2.5088372230529785
-4.79002046585083,-4.737224578857422,-4.699432849884033,-4.664160251617432,-4.633365154266357,-4.608165740966797,-4.581001281738281,-4.529399871826172,-4.428411960601807,-4.303612232208252,-4.2536845207214355,-4.214390277862549,-4.168097496032715,-4.132317543029785,-4.082056999206543,-4.038024425506592,-3.990609645843506,-3.9436893463134766,-3.8887386322021484,-3.8353476524353027,-3.783479690551758,-3.7365405559539795,-3.6892447471618652,-3.6404037475585938,-3.58894419670105,-3.533505916595459,-3.4779891967773438,-3.425734519958496,-3.3729171752929688,-3.3190014362335205,-3.2653651237487793,-3.209723472595215,-3.153083324432373,-3.0950992107391357,-3.0344185829162598,-2.974980354309082,-2.914665699005127,-2.8556761741638184,-2.802555561065674,-2.749309778213501,-2.6916162967681885,-2.6326513290405273,-2.5734851360321045
