wind_DJF_night_native.json
{"header": {"parameterCategory": 2, "parameterUnit": "m/s", "nx": 220, "ny": 280, "lo1": 118.693, "la1": 26.2568353691, "lo2": 123.2203272787, "la2": 21.0494, "dx": 0.0206727273, "dy": 0.0186646429, "refTime": "2025-01-01 00:00:00", "forecastTime": 0, "parameterNumber": 3}, "data":
[rows 38 to 56 of 280, columns 0 to 42 of 220]
-3.2404017448425293,-2.822833299636841,-2.705393075942993,-2.6218361854553223,-2.897702217102051,-3.036849021911621,-2.6981961727142334,-2.6620700359344482,-2.592986583709717,-2.6906278133392334,-2.949556589126587,-2.852022409439087,-2.798109531402588,-3.4136905670166016,-3.117908477783203,-1.500718355178833,0.10497827082872391,0.6713615655899048,-0.879142701625824,-2.6042256355285645,-2.4858131408691406,-2.748225450515747,-4.824737071990967,-4.138815879821777,-3.594494342803955,-4.7701873779296875,-4.976712703704834,-5.599297523498535,-4.703474998474121,-3.5113067626953125,-3.196554660797119,-3.0149447917938232,-2.945925712585449,-2.542725086212158,-3.0065903663635254,-3.3800580501556396,-3.5895328521728516,-3.511981964111328,-4.828004360198975,-7.513751983642578,-7.568056106567383,-6.855132102966309,-7.247843265533447
-3.299039363861084,-2.9927754402160645,-2.8829538822174072,-2.901890754699707,-3.241800308227539,-3.3536109924316406,-2.8970935344696045,-2.667734146118164,-2.921517848968506,-2.5659730434417725,-2.97289776802063,-3.461146831512451,-3.759298801422119,-3.6276891231536865,-3.317889451980591,-2.277020215988159,-2.2573399543762207,-1.920369267463684,-1.9689209461212158,-1.9554039239883423,-1.9611022472381592,-1.8222914934158325,-3.765363931655884,-4.5761260986328125,-5.142844200134277,-5.9757890701293945,-4.804864883422852,-6.855561256408691,-5.084618091583252,-4.040374755859375,-3.9321980476379395,-3.815129280090332,-3.8170623779296875,-3.4549803733825684,-3.125530242919922,-3.3860538005828857,-3.8568835258483887,-4.160758018493652,-5.201441287994385,-6.526836395263672,-6.354440689086914,-5.77060604095459,-6.082925796508789
-3.3990626335144043,-3.0939297676086426,-3.0260677337646484,-3.4218151569366455,-3.4690136909484863,-3.4469096660614014,-3.2712488174438477,-2.772170066833496,-2.91552472114563,-3.1682708263397217,-3.176560401916504,-4.358823776245117,-4.3978471755981445,-4.050154685974121,-4.384158611297607,-3.956089496612549,-4.479489803314209,-3.180513381958008,-2.3389945030212402,-1.263002872467041,-1.7028921842575073,-2.4819765090942383,-3.0180957317352295,-3.922701597213745,-4.974193572998047,-6.167630672454834,-4.516842842102051,-6.293912887573242,-4.762797832489014,-4.482834815979004,-5.310019016265869,-4.984532833099365,-5.5598554611206055,-5.195474147796631,-3.6201608180999756,-3.8130154609680176,-4.345648765563965,-4.503663063049316,-5.123982906341553,-5.550868988037109,-5.518839359283447,-5.380671977996826,-5.522218704223633
-3.4288792610168457,-3.130280017852783,-3.0917208194732666,-3.50341796875,-3.6555936336517334,-3.440619945526123,-3.043560028076172,-2.8495938777923584,-3.1722912788391113,-3.6481494903564453,-3.5627284049987793,-4.2304463386535645,-4.199559211730957,-4.258542060852051,-5.010733604431152,-3.6428000926971436,-3.4527769088745117,-1.35016930103302,-0.5252336263656616,-0.0835922583937645,-0.9881690740585327,-2.624562978744507,-3.126391649246216,-2.901918649673462,-3.5251917839050293,-5.1362199783325195,-4.705828666687012,-5.067101955413818,-5.118868827819824,-5.555614471435547,-6.378344535827637,-6.9054856300354,-6.916726112365723,-6.41193962097168,-5.273370742797852,-5.396925926208496,-5.694001197814941,-4.68149995803833,-5.027868747711182,-5.097878456115723,-5.145390510559082,-5.1630353927612305,-5.373154640197754
-3.4185521602630615,-3.2430918216705322,-3.203599452972412,-3.3417797088623047,-3.7573323249816895,-3.4827470779418945,-2.9055919647216797,-2.805877923965454,-2.908365249633789,-3.74650239944458,-3.6932804584503174,-3.5857081413269043,-3.1728129386901855,-2.7890758514404297,-3.5862033367156982,-2.3317370414733887,-1.2274945974349976,0.1772197186946869,0.539387583732605,0.33691442012786865,-0.2876356244087219,-1.1584640741348267,-1.960837483406067,-1.731704592704773,-2.3642501831054688,-4.275467872619629,-4.760504722595215,-5.824410915374756,-5.774143218994141,-5.757670879364014,-6.467319965362549,-8.137292861938477,-7.719632625579834,-7.181552886962891,-6.585267066955566,-6.653186798095703,-6.607796669006348,-4.781072616577148,-5.0804123878479,-4.956799507141113,-4.937641143798828,-5.043793201446533,-5.3597822189331055
-3.461106300354004,-3.453824043273926,-3.483888864517212,-3.622183322906494,-3.803579568862915,-3.623793125152588,-2.917377471923828,-2.885990619659424,-2.8736515045166016,-3.8205015659332275,-3.5358283519744873,-3.1373884677886963,-2.026231050491333,-1.2325737476348877,-1.7017059326171875,-1.3083696365356445,-0.2078922539949417,0.05768606811761856,0.10955393314361572,-0.06988999247550964,-0.24337109923362732,-0.3035319745540619,-0.7900195121765137,-1.4076285362243652,-2.7446906566619873,-5.311212539672852,-6.056708335876465,-7.085659980773926,-6.611146926879883,-5.140283584594727,-5.834357261657715,-8.662684440612793,-8.107189178466797,-7.702147483825684,-7.43373441696167,-7.418543338775635,-7.0537309646606445,-4.9755072593688965,-5.295994758605957,-4.967369079589844,-4.901706218719482,-4.969127655029297,-5.064882755279541
-3.3055877685546875,-3.438023090362549,-3.5157394409179688,-3.7083189487457275,-3.8401756286621094,-3.4991958141326904,-2.9454398155212402,-3.383267879486084,-3.389838218688965,-3.6335678100585938,-2.9423680305480957,-2.951504707336426,-2.0208301544189453,-1.8758331537246704,-1.7741217613220215,-1.1467251777648926,-0.4637638330459595,-0.40786218643188477,-0.3666246831417084,-0.5014399290084839,-0.6912599802017212,-0.9393829107284546,-1.6820520162582397,-3.366791248321533,-4.683258056640625,-6.5323004722595215,-7.1902947425842285,-7.763429641723633,-6.911954879760742,-4.455448150634766,-5.606420993804932,-8.850921630859375,-8.293965339660645,-8.086389541625977,-7.933223247528076,-7.802372455596924,-7.326735019683838,-6.150784492492676,-6.2704057693481445,-4.887002944946289,-4.984128952026367,-5.204054832458496,-5.352406978607178
-3.146883249282837,-3.301797389984131,-3.316925525665283,-3.5361719131469727,-3.789803981781006,-3.2845656871795654,-3.1454319953918457,-3.714663505554199,-3.607644557952881,-3.3775455951690674,-2.7570247650146484,-3.1243560314178467,-3.172811985015869,-3.235294818878174,-2.1095705032348633,-1.1842091083526611,-0.8122991919517517,-0.8225775957107544,-0.746720016002655,-0.8697601556777954,-1.146719217300415,-1.6080374717712402,-3.6064810752868652,-5.171540260314941,-6.161533355712891,-7.292010307312012,-7.760909557342529,-7.915020942687988,-6.893441677093506,-4.5872344970703125,-6.949768543243408,-8.921676635742188,-8.431835174560547,-8.365696907043457,-8.2204008102417,-8.015279769897461,-7.653558731079102,-7.146563529968262,-6.87985897064209,-4.999574661254883,-5.249868392944336,-6.393609523773193,-7.001007556915283
-2.887129306793213,-2.8534305095672607,-3.0757036209106445,-3.28732967376709,-3.7261157035827637,-3.6503233909606934,-3.595646858215332,-3.8846259117126465,-3.6974449157714844,-3.7868151664733887,-3.4405970573425293,-3.685790777206421,-4.056007385253906,-2.4943642616271973,-1.1033968925476074,-0.6525010466575623,-0.7020066380500793,-0.889330267906189,-0.9731716513633728,-1.2228245735168457,-1.5470805168151855,-2.7538232803344727,-5.104821681976318,-6.157212734222412,-6.9486083984375,-7.648120880126953,-7.940631866455078,-7.827236652374268,-6.954000473022461,-6.176665306091309,-8.072006225585938,-8.89969539642334,-8.557422637939453,-8.54461669921875,-8.394042015075684,-8.20766544342041,-8.002740859985352,-7.743416786193848,-7.278547286987305,-6.080204963684082,-5.305974960327148,-6.270299911499023,-8.390837669372559
-2.5613646507263184,-2.7368083000183105,-2.904940128326416,-3.2307493686676025,-3.64363169670105,-3.951408624649048,-3.8731727600097656,-3.8864357471466064,-3.830213785171509,-4.166370391845703,-4.288987159729004,-3.9778764247894287,-2.8616743087768555,-0.9686156511306763,-0.41132408380508423,-0.17998212575912476,-0.6133050918579102,-0.9618970155715942,-1.2335702180862427,-1.6285746097564697,-2.2331624031066895,-4.1380720138549805,-5.749885559082031,-6.634675025939941,-7.303444862365723,-7.794025421142578,-7.923196792602539,-7.710694313049316,-7.256206512451172,-7.441731929779053,-8.562215805053711,-8.842065811157227,-8.650101661682129,-8.646395683288574,-8.524885177612305,-8.40619945526123,-8.287297248840332,-8.064393997192383,-7.648561477661133,-6.851837158203125,-5.454411506652832,-6.564889430999756,-9.278219223022461
-2.2371392250061035,-2.5464935302734375,-2.8077282905578613,-3.2096056938171387,-3.569960594177246,-3.857435703277588,-3.859250068664551,-3.8965468406677246,-3.900904893875122,-3.966395616531372,-4.079226493835449,-3.0730409622192383,-1.4808012247085571,-1.2648603916168213,-1.472487211227417,-1.1708245277404785,-1.119928240776062,-1.3519651889801025,-1.6526092290878296,-2.037935733795166,-2.7436516284942627,-3.566143274307251,-5.109124660491943,-7.0081562995910645,-7.489360809326172,-7.788873672485352,-7.853407859802246,-7.705442428588867,-7.621548175811768,-8.077444076538086,-8.66599178314209,-8.798163414001465,-8.703944206237793,-8.716188430786133,-8.645612716674805,-8.58633804321289,-8.495692253112793,-8.28908920288086,-7.969027996063232,-7.448075294494629,-6.898097515106201,-8.102867126464844,-9.585874557495117
-1.9734292030334473,-2.263981342315674,-2.543567419052124,-2.955376148223877,-3.3028688430786133,-3.263906717300415,-3.481752395629883,-3.871250629425049,-3.79407000541687,-3.8798775672912598,-3.792062759399414,-2.787609100341797,-1.8646266460418701,-2.532778739929199,-3.512906551361084,-3.485543727874756,-2.4742794036865234,-2.025071144104004,-2.2789840698242188,-2.375932455062866,-2.9993844032287598,-3.2600293159484863,-4.764690399169922,-7.118149757385254,-7.306585311889648,-7.7621235847473145,-7.774843215942383,-7.6987504959106445,-7.824730396270752,-8.25917911529541,-8.642473220825195,-8.750019073486328,-8.733185768127441,-8.777337074279785,-8.758072853088379,-8.738972663879395,-8.664603233337402,-8.485143661499023,-8.243876457214355,-8.031011581420898,-8.206613540649414,-9.134847640991211,-9.508694648742676
-1.7724792957305908,-1.9921733140945435,-2.2531235218048096,-2.6758742332458496,-3.030033826828003,-3.0196714401245117,-3.4140005111694336,-3.878021240234375,-3.740161418914795,-4.044091701507568,-4.058530330657959,-3.4863548278808594,-2.7290468215942383,-3.637000799179077,-4.693841934204102,-4.977816104888916,-3.6051814556121826,-2.8202085494995117,-2.875314950942993,-2.6710848808288574,-3.404296398162842,-3.733797073364258,-4.69522762298584,-5.9572553634643555,-6.241716384887695,-7.728280067443848,-7.690434455871582,-7.622380256652832,-7.7472920417785645,-8.153736114501953,-8.51723575592041,-8.704819679260254,-8.754409790039062,-8.83642578125,-8.85877799987793,-8.866472244262695,-8.821971893310547,-8.705278396606445,-8.552186012268066,-8.562078475952148,-8.992074012756348,-9.514825820922852,-9.281413078308105
-1.6131031513214111,-1.7100322246551514,-2.011873245239258,-2.4764046669006348,-2.901407241821289,-3.0705177783966064,-3.169158935546875,-3.5492513179779053,-3.20515775680542,-4.065651893615723,-4.721181392669678,-3.9023420810699463,-3.907219886779785,-3.446091890335083,-4.208492755889893,-4.205312252044678,-3.655951976776123,-3.276491165161133,-3.22109317779541,-2.9569265842437744,-3.7857065200805664,-4.249951362609863,-4.836231231689453,-5.099361419677734,-5.462306976318359,-6.592538833618164,-7.7608232498168945,-7.213994026184082,-7.058150291442871,-7.498238563537598,-8.259203910827637,-8.619736671447754,-8.778420448303223,-8.902585983276367,-8.951913833618164,-8.97437572479248,-8.947933197021484,-8.894205093383789,-8.861421585083008,-8.999834060668945,-9.36245346069336,-9.545388221740723,-9.095108985900879
-1.5477619171142578,-1.5813143253326416,-1.7709639072418213,-2.1334424018859863,-2.6174685955047607,-2.952073097229004,-2.912029504776001,-3.1865782737731934,-3.0346860885620117,-3.670034408569336,-5.204833984375,-3.7268218994140625,-4.120988845825195,-2.882216691970825,-3.3947091102600098,-3.2757363319396973,-3.229830503463745,-3.3882596492767334,-3.4271180629730225,-3.4186995029449463,-3.995319366455078,-4.475510597229004,-4.861584663391113,-4.782588958740234,-4.965025424957275,-6.068070888519287,-8.106926918029785,-6.08722448348999,-5.820764541625977,-6.098423480987549,-7.907914638519287,-8.54233169555664,-8.807853698730469,-8.96601390838623,-9.037908554077148,-9.062281608581543,-9.051553726196289,-9.061315536499023,-9.124591827392578,-9.294136047363281,-9.515716552734375,-9.47829532623291,-9.043617248535156
-1.4793576002120972,-1.5042983293533325,-1.564532995223999,-1.7552378177642822,-2.343851327896118,-2.8398830890655518,-3.0678904056549072,-3.23998761177063,-3.4553792476654053,-3.5869500637054443,-4.280377388000488,-3.781221866607666,-3.4171395301818848,-2.9903931617736816,-4.215465545654297,-4.090493202209473,-3.305704116821289,-3.2066125869750977,-3.572948455810547,-3.7952089309692383,-3.9869673252105713,-4.291007995605469,-4.6551289558410645,-4.489622116088867,-4.951944351196289,-7.270197868347168,-8.086156845092773,-6.1563262939453125,-6.337529182434082,-6.289715766906738,-7.014011383056641,-8.542947769165039,-8.872279167175293,-9.048016548156738,-9.12464427947998,-9.157029151916504,-9.157096862792969,-9.174922943115234,-9.294337272644043,-9.476485252380371,-9.558733940124512,-9.438213348388672,-9.12183952331543
-1.536458134651184,-1.5024981498718262,-1.4606173038482666,-1.5716757774353027,-2.0946900844573975,-2.6349234580993652,-2.975709915161133,-2.926680088043213,-2.9424173831939697,-3.089672803878784,-3.9278035163879395,-5.199176788330078,-4.124197959899902,-4.727622985839844,-5.060011863708496,-4.733675003051758,-3.9133877754211426,-2.779933214187622,-3.601245880126953,-3.9334211349487305,-3.932589530944824,-4.346054553985596,-5.3923468589782715,-4.13680362701416,-5.03964900970459,-6.361882209777832,-5.74749755859375,-6.833956718444824,-7.569520473480225,-7.291187286376953,-6.208137035369873,-7.666553974151611,-9.122966766357422,-9.186996459960938,-9.238351821899414,-9.257095336914062,-9.234012603759766,-9.280768394470215,-9.427191734313965,-9.548734664916992,-9.583890914916992,-9.460125923156738,-9.280176162719727
-1.7545157670974731,-1.627070665359497,-1.5127904415130615,-1.5993179082870483,-1.9285324811935425,-2.300941228866577,-2.544015407562256,-2.353710651397705,-2.2056243419647217,-2.955003261566162,-5.495686054229736,-6.32238245010376,-5.373939037322998,-5.79686975479126,-3.8546338081359863,-3.7144317626953125,-3.5144283771514893,-3.1407251358032227,-3.9582877159118652,-4.0230255126953125,-4.076820373535156,-5.0225653648376465,-5.9551239013671875,-3.5698394775390625,-4.565924167633057,-4.7587151527404785,-3.6472225189208984,-5.7363080978393555,-6.945723056793213,-7.256868839263916,-6.329748153686523,-7.211614608764648,-9.551115989685059,-9.343935012817383,-9.379034996032715,-9.380014419555664,-9.382274627685547,-9.273365020751953,-9.337944030761719,-9.600818634033203,-9.591214179992676,-9.508589744567871,-9.433206558227539
-1.9962551593780518,-1.8759326934814453,-1.740135669708252,-1.7938995361328125,-1.967599868774414,-2.041663885116577,-2.221451997756958,-2.2838687896728516,-2.2277190685272217,-2.782404899597168,-5.0968918800354,-6.703676223754883,-6.095181465148926,-5.957241058349609,-2.9911043643951416,-3.4760236740112305,-4.6234540939331055,-4.937017917633057,-5.1563591957092285,-4.171740531921387,-4.782571315765381,-6.494052886962891,-6.31849479675293,-3.6086864471435547,-4.406718730926514,-4.331009387969971,-3.320427179336548,-3.7941339015960693,-5.012144565582275,-7.618185520172119,-7.607903480529785,-8.446690559387207,-9.854061126708984,-9.483747482299805,-9.5465669631958,-9.579084396362305,-9.441325187683105,-7.936631202697754,-8.180752754211426,-9.536020278930664,-9.577360153198242,-9.555473327636719,-9.534896850585938
