wind_JJA_day_native.json
{"header": {"parameterCategory": 2, "parameterUnit": "m/s", "nx": 220, "ny": 280, "lo1": 118.693, "la1": 26.2568353691, "lo2": 123.2203272787, "la2": 21.0494, "dx": 0.0206727273, "dy": 0.0186646429, "refTime": "2025-01-01 00:00:00", "forecastTime": 0, "parameterNumber": 2}, "data":
[rows 133 to 151 of 280, columns 172 to 214 of 220]
-0.5114456415176392,-0.484014630317688,-0.4576941430568695,-0.4306127429008484,-0.39951270818710327,-0.3706223666667938,-0.35027918219566345,-0.3282719850540161,-0.3050803244113922,-0.2846333980560303,-0.25707313418388367,-0.22930817306041718,-0.20723474025726318,-0.18321815133094788,-0.16120466589927673,-0.14696423709392548,-0.139468252658844,-0.12874816358089447,-0.11584760993719101,-0.10850430279970169,-0.09490369260311127,-0.07775290310382843,-0.07011871039867401,-0.06736591458320618,-0.04725442826747894,-0.01752844825387001,-0.0008559394627809525,0.00660957396030426,0.022089308127760887,0.03971974924206734,0.0494425967335701,0.05886173993349075,0.06820477545261383,0.06556998193264008,0.06915359944105148,0.07769279927015305,0.09690149128437042,0.10029654949903488,0.11187176406383514,0.17526420950889587,0.23879630863666534,0.2843893766403198,0.30696383118629456
-0.4932737350463867,-0.466815322637558,-0.440461128950119,-0.4121743440628052,-0.379942923784256,-0.35032564401626587,-0.3286333978176117,-0.30622920393943787,-0.2839394509792328,-0.2635517120361328,-0.23990832269191742,-0.21456298232078552,-0.19089479744434357,-0.16844147443771362,-0.15135762095451355,-0.13673758506774902,-0.12604449689388275,-0.11644049733877182,-0.10449947416782379,-0.09330467134714127,-0.07654492557048798,-0.0598313994705677,-0.05064836144447327,-0.048107750713825226,-0.03351762145757675,-0.004598323255777359,0.017920877784490585,0.028026796877384186,0.03855634108185768,0.048742298036813736,0.05809728801250458,0.07470974326133728,0.08802526444196701,0.08645167946815491,0.09125111252069473,0.09669595211744308,0.10991344600915909,0.10960473120212555,0.12080030888319016,0.18668052554130554,0.2524328827857971,0.2984625995159149,0.32206279039382935
-0.47731712460517883,-0.45250454545021057,-0.425243616104126,-0.3937878906726837,-0.3635115623474121,-0.3335048258304596,-0.30897098779678345,-0.28649643063545227,-0.2633461058139801,-0.24235233664512634,-0.22253969311714172,-0.19968780875205994,-0.1751227080821991,-0.15634946525096893,-0.142273411154747,-0.1250491887331009,-0.1125960722565651,-0.10423722863197327,-0.09174185991287231,-0.07334219664335251,-0.05442148819565773,-0.04530227929353714,-0.03808599337935448,-0.029454177245497704,-0.016668274998664856,0.007160022854804993,0.034556854516267776,0.050277311354875565,0.059466347098350525,0.06549067795276642,0.07312215119600296,0.08926114439964294,0.10290743410587311,0.10496450215578079,0.1130867451429367,0.11787485331296921,0.1264927238225937,0.11910329759120941,0.12741173803806305,0.19680318236351013,0.26627233624458313,0.31348055601119995,0.33770695328712463
-0.4640877842903137,-0.43777939677238464,-0.41038793325424194,-0.3773210048675537,-0.3446499705314636,-0.3139311671257019,-0.28690919280052185,-0.26372289657592773,-0.24585235118865967,-0.23250427842140198,-0.21090121567249298,-0.18288172781467438,-0.15966194868087769,-0.1434083729982376,-0.12964223325252533,-0.11195025593042374,-0.09405282884836197,-0.08222052454948425,-0.07241864502429962,-0.055613934993743896,-0.03862106800079346,-0.03342022746801376,-0.02644805610179901,-0.012176305055618286,0.00010136328637599945,0.017855098471045494,0.04540509358048439,0.06794773787260056,0.08060619980096817,0.08503483980894089,0.09048820286989212,0.10328688472509384,0.11573173850774765,0.12330010533332825,0.13369296491146088,0.1358390748500824,0.14065444469451904,0.1302381008863449,0.1384667456150055,0.2083735316991806,0.2807372212409973,0.329843133687973,0.35442596673965454
-0.4510559141635895,-0.4210831820964813,-0.39145901799201965,-0.3577481210231781,-0.32343044877052307,-0.2934318780899048,-0.26283448934555054,-0.23778888583183289,-0.22803527116775513,-0.2201392650604248,-0.19610647857189178,-0.1652902066707611,-0.1429535448551178,-0.12715470790863037,-0.11482629925012589,-0.0995703786611557,-0.07447995245456696,-0.05688241124153137,-0.0497000515460968,-0.03917773813009262,-0.025767993181943893,-0.015520192682743073,-0.007054256275296211,0.007563605904579163,0.02182544395327568,0.036888476461172104,0.062093235552310944,0.0833544060587883,0.09471999853849411,0.10074320435523987,0.10472437739372253,0.11243539303541183,0.12305898219347,0.13509225845336914,0.1499919295310974,0.14962169528007507,0.1536104828119278,0.1473185122013092,0.15452879667282104,0.2207556813955307,0.2943529784679413,0.345794677734375,0.37071967124938965
-0.4373474717140198,-0.40515413880348206,-0.3724248707294464,-0.3388757109642029,-0.30417272448539734,-0.27295100688934326,-0.24421215057373047,-0.22090116143226624,-0.20835372805595398,-0.19573843479156494,-0.17422011494636536,-0.14779376983642578,-0.12600164115428925,-0.1103573814034462,-0.09752347320318222,-0.08272356539964676,-0.05672163516283035,-0.03401733934879303,-0.02403019741177559,-0.01834682747721672,-0.00983460620045662,0.0043686311691999435,0.01819268986582756,0.03244644030928612,0.04493612051010132,0.05986031889915466,0.07876737415790558,0.09049327671527863,0.104078508913517,0.11477456986904144,0.12044625729322433,0.1253378987312317,0.12899379432201385,0.14015401899814606,0.16113275289535522,0.163523331284523,0.16795487701892853,0.165226548910141,0.1679731160402298,0.23034435510635376,0.30752870440483093,0.36108681559562683,0.38593021035194397
-0.4189252257347107,-0.385057657957077,-0.34924986958503723,-0.31952017545700073,-0.28704556822776794,-0.25489887595176697,-0.22982579469680786,-0.20838075876235962,-0.1874455213546753,-0.16609324514865875,-0.14881138503551483,-0.13019734621047974,-0.10732614248991013,-0.08946459740400314,-0.07427474111318588,-0.05509649217128754,-0.030253900215029716,-0.009043190628290176,0.0023314673453569412,0.007217586040496826,0.011841217055916786,0.025101760402321815,0.04597112536430359,0.060866519808769226,0.0684986561536789,0.08078153431415558,0.09088149666786194,0.0970914289355278,0.11265424638986588,0.12670928239822388,0.1362307369709015,0.14325274527072906,0.14806222915649414,0.15540224313735962,0.16895265877246857,0.17285370826721191,0.1829310804605484,0.17931906878948212,0.17806044220924377,0.24020180106163025,0.3209756016731262,0.37633854150772095,0.400638222694397
-0.3931084871292114,-0.3618537485599518,-0.3259437382221222,-0.2968759536743164,-0.2644973695278168,-0.23305857181549072,-0.21052777767181396,-0.18997080624103546,-0.16470882296562195,-0.13917842507362366,-0.1234678328037262,-0.10896681249141693,-0.08738207072019577,-0.0668502226471901,-0.048000629991292953,-0.02885723114013672,-0.007657380774617195,0.013602916151285172,0.026560131460428238,0.030806157737970352,0.03495176509022713,0.04842046648263931,0.06957096606492996,0.0845145657658577,0.09190016984939575,0.10356079041957855,0.10968820005655289,0.11150869727134705,0.12058380991220474,0.13387995958328247,0.14802515506744385,0.15873253345489502,0.16859571635723114,0.1728823333978653,0.18010111153125763,0.1842132806777954,0.1956317275762558,0.1897323727607727,0.19090478122234344,0.25608471035957336,0.3362685739994049,0.3917078971862793,0.4159928560256958
-0.3653489053249359,-0.3364658057689667,-0.30184075236320496,-0.26895949244499207,-0.23593144118785858,-0.2075127363204956,-0.18707893788814545,-0.16639414429664612,-0.14147621393203735,-0.11856307089328766,-0.10276006162166595,-0.08679089695215225,-0.06747083365917206,-0.04538407921791077,-0.023796288296580315,-0.0074911415576934814,0.012561647221446037,0.033345650881528854,0.04723406583070755,0.05274849385023117,0.05860240012407303,0.07465952634811401,0.09124788641929626,0.10392767935991287,0.1140144020318985,0.12498693913221359,0.13328754901885986,0.13428926467895508,0.1336001455783844,0.14042913913726807,0.15519163012504578,0.1699557602405548,0.18369875848293304,0.18726734817028046,0.1930346041917801,0.19908344745635986,0.20707431435585022,0.2000831514596939,0.20832210779190063,0.27471137046813965,0.3519531190395355,0.40660935640335083,0.43164652585983276
-0.34168216586112976,-0.3115137219429016,-0.27589038014411926,-0.2404511272907257,-0.20941559970378876,-0.1842595785856247,-0.16254405677318573,-0.14106586575508118,-0.12069226056337357,-0.10182686895132065,-0.08510473370552063,-0.06716274470090866,-0.045999981462955475,-0.022408679127693176,-0.002291116863489151,0.01520472764968872,0.03650509938597679,0.05369655042886734,0.06782753765583038,0.07729262113571167,0.08334065228700638,0.09687568992376328,0.1101665198802948,0.12348297238349915,0.13632632791996002,0.14310812950134277,0.1525917798280716,0.15750758349895477,0.15282264351844788,0.1526474505662918,0.16269052028656006,0.17550770938396454,0.1911684274673462,0.20221047103405,0.21075861155986786,0.2126169055700302,0.21666812896728516,0.21081629395484924,0.2253309041261673,0.2927456796169281,0.3666326105594635,0.42119669914245605,0.44720685482025146
-0.3163915276527405,-0.28593531250953674,-0.25236088037490845,-0.21982456743717194,-0.18972203135490417,-0.16135060787200928,-0.13793708384037018,-0.11972367763519287,-0.10323894023895264,-0.0863647609949112,-0.06621726602315903,-0.04292171820998192,-0.021588874980807304,-0.001983216032385826,0.01565249264240265,0.033359769731760025,0.055921413004398346,0.07302311807870865,0.08671163022518158,0.10021793097257614,0.10853737592697144,0.1188126727938652,0.13111726939678192,0.14447960257530212,0.15314149856567383,0.15749795734882355,0.16683214902877808,0.1726454198360443,0.17316555976867676,0.1726861447095871,0.17601007223129272,0.1838434785604477,0.19938433170318604,0.2175539880990982,0.2278328686952591,0.22504296898841858,0.23226170241832733,0.22916431725025177,0.2404552400112152,0.3058849573135376,0.37969839572906494,0.435425728559494,0.4629306197166443
-0.2879972457885742,-0.25739365816116333,-0.23118439316749573,-0.20490047335624695,-0.17180956900119781,-0.13780580461025238,-0.11445107311010361,-0.09768476337194443,-0.07985957711935043,-0.06467022746801376,-0.04459327086806297,-0.019048111513257027,0.002087187021970749,0.018583497032523155,0.03562714904546738,0.053695451468229294,0.07470941543579102,0.0930439680814743,0.10691171884536743,0.12179325520992279,0.13231778144836426,0.14103101193904877,0.15247969329357147,0.16399267315864563,0.17179590463638306,0.1780986487865448,0.18425539135932922,0.18783561885356903,0.19305574893951416,0.19598689675331116,0.19590610265731812,0.1998187005519867,0.20913434028625488,0.22252219915390015,0.23786303400993347,0.24177336692810059,0.2522958219051361,0.2495890110731125,0.257328599691391,0.32065334916114807,0.39486655592918396,0.45056232810020447,0.4790099859237671
-0.2612335979938507,-0.23001721501350403,-0.20890375971794128,-0.18602332472801208,-0.15468892455101013,-0.12107490003108978,-0.09359481930732727,-0.0725225880742073,-0.05429571866989136,-0.03907725214958191,-0.021883584558963776,0.001166369765996933,0.025521839037537575,0.04412838816642761,0.05890364199876785,0.07633160054683685,0.09813171625137329,0.11629818379878998,0.12782622873783112,0.14002978801727295,0.15332607924938202,0.16598418354988098,0.17648845911026,0.18356986343860626,0.1929885894060135,0.2049829065799713,0.209421306848526,0.2091897577047348,0.21242640912532806,0.21191541850566864,0.21129271388053894,0.21859779953956604,0.22844837605953217,0.2354004830121994,0.25042736530303955,0.26143187284469604,0.27139583230018616,0.2635510563850403,0.27012449502944946,0.3349955677986145,0.41031157970428467,0.46677541732788086,0.49621856212615967
-0.2371763288974762,-0.20583485066890717,-0.18166859447956085,-0.1588824987411499,-0.1337209790945053,-0.10389544814825058,-0.07603461295366287,-0.051664892584085464,-0.028578147292137146,-0.01089671440422535,0.005493741482496262,0.025349920615553856,0.049377016723155975,0.0693417340517044,0.08269888162612915,0.10126946121454239,0.12301262468099594,0.1410948783159256,0.15379828214645386,0.1641758382320404,0.17855292558670044,0.19090285897254944,0.20142492651939392,0.2096828818321228,0.2160063534975052,0.22843143343925476,0.2387412041425705,0.23853056132793427,0.2348340004682541,0.22778919339179993,0.22661267220973969,0.23702307045459747,0.2517423629760742,0.25962933897972107,0.2668685019016266,0.27277442812919617,0.2844793498516083,0.2774978280067444,0.2829728424549103,0.3482826054096222,0.42541125416755676,0.4832386076450348,0.5129191279411316
-0.21398107707500458,-0.18291471898555756,-0.15700633823871613,-0.13237017393112183,-0.10834798961877823,-0.08391115814447403,-0.05977379530668259,-0.032935239374637604,-0.004366934299468994,0.015020910650491714,0.03249242156744003,0.05282430350780487,0.07459166646003723,0.09535232931375504,0.11049564182758331,0.12524746358394623,0.13950058817863464,0.15797246992588043,0.17793595790863037,0.19454576075077057,0.20901447534561157,0.215150848031044,0.223319873213768,0.23366403579711914,0.2391190379858017,0.2504373788833618,0.26354914903640747,0.26360204815864563,0.2585025429725647,0.24921277165412903,0.2445552796125412,0.2533615827560425,0.2703322470188141,0.2817912697792053,0.2865869402885437,0.28576189279556274,0.2959439754486084,0.2925066649913788,0.2989495098590851,0.3646406829357147,0.4420161247253418,0.4993947446346283,0.529258668422699
-0.18748389184474945,-0.16071903705596924,-0.1361006200313568,-0.10948742926120758,-0.08128372579813004,-0.05774081498384476,-0.03677206113934517,-0.012523479759693146,0.013690190389752388,0.037753377109766006,0.06125221028923988,0.08327127248048782,0.10273170471191406,0.12077996879816055,0.13844142854213715,0.15242765843868256,0.1575084924697876,0.170737624168396,0.19842492043972015,0.22326667606830597,0.2350756675004959,0.23793795704841614,0.24337144196033478,0.25244033336639404,0.26159724593162537,0.26971518993377686,0.27816537022590637,0.28222304582595825,0.28172045946121216,0.27343496680259705,0.2657002806663513,0.26912471652030945,0.2823264002799988,0.29282718896865845,0.3019256889820099,0.30076971650123596,0.30923745036125183,0.3062138855457306,0.31136536598205566,0.37952661514282227,0.45840486884117126,0.5148345232009888,0.5446946620941162
-0.15710142254829407,-0.1334695965051651,-0.11100899428129196,-0.08475052565336227,-0.05241595581173897,-0.027141300961375237,-0.01120501384139061,0.0069174207746982574,0.03078581392765045,0.06127653270959854,0.09293978661298752,0.11380748450756073,0.12807433307170868,0.14348646998405457,0.1597854048013687,0.17530590295791626,0.18221935629844666,0.1920885294675827,0.22103694081306458,0.2479567974805832,0.25590014457702637,0.2561347186565399,0.2596636116504669,0.27036410570144653,0.28412094712257385,0.28794533014297485,0.28893792629241943,0.2950582206249237,0.30029207468032837,0.2968341112136841,0.2900283932685852,0.28769227862358093,0.2937956154346466,0.30276569724082947,0.31320640444755554,0.3139088451862335,0.3206733167171478,0.31384870409965515,0.321757048368454,0.3938160836696625,0.47396141290664673,0.5300619006156921,0.5594229698181152
-0.1319097876548767,-0.10368785262107849,-0.07840465009212494,-0.05300435423851013,-0.02373146452009678,-0.000371590256690979,0.016604304313659668,0.03641660884022713,0.06072791665792465,0.08966700732707977,0.12118946760892868,0.14344030618667603,0.15342652797698975,0.16124512255191803,0.174781933426857,0.19504398107528687,0.21111898124217987,0.2202468365430832,0.23988766968250275,0.2652069926261902,0.27774691581726074,0.2779560983181,0.27793070673942566,0.2862432599067688,0.2989645004272461,0.3028172254562378,0.30283215641975403,0.31129756569862366,0.3186017870903015,0.31415143609046936,0.3102381229400635,0.30821576714515686,0.3107128143310547,0.31765851378440857,0.3255188465118408,0.3241332173347473,0.32859107851982117,0.32188621163368225,0.3315752446651459,0.4057697653770447,0.48844683170318604,0.5449447631835938,0.5737491846084595
-0.10501763224601746,-0.07700563222169876,-0.045588284730911255,-0.016842305660247803,0.005842728540301323,0.025054292753338814,0.046875517815351486,0.06913962215185165,0.09121502190828323,0.11504456400871277,0.14146144688129425,0.16350288689136505,0.17543861269950867,0.18223515152931213,0.19304075837135315,0.2139793187379837,0.23600579798221588,0.24832269549369812,0.2589004635810852,0.27979254722595215,0.2983241081237793,0.30163732171058655,0.3001771569252014,0.30243563652038574,0.31364765763282776,0.3219904601573944,0.32428422570228577,0.33238595724105835,0.3386932909488678,0.3314378559589386,0.32544082403182983,0.3281010687351227,0.3323678970336914,0.33477723598480225,0.34106552600860596,0.33951058983802795,0.33955830335617065,0.33469539880752563,0.34663155674934387,0.4174444079399109,0.5009055137634277,0.5591505169868469,0.5887470841407776
