wind_JJA_day_native.json
{"header": {"parameterCategory": 2, "parameterUnit": "m/s", "nx": 220, "ny": 280, "lo1": 118.693, "la1": 26.2568353691, "lo2": 123.2203272787, "la2": 21.0494, "dx": 0.0206727273, "dy": 0.0186646429, "refTime": "2025-01-01 00:00:00", "forecastTime": 0, "parameterNumber": 3}, "data":
[rows 152 to 170 of 280, columns 0 to 42 of 220]
1.9458378553390503,1.9476613998413086,1.9493435621261597,1.9505138397216797,1.9517865180969238,1.9548633098602295,1.9570183753967285,1.9597588777542114,1.963877558708191,1.9626673460006714,1.9368969202041626,1.9274446964263916,1.9102821350097656,1.9026033878326416,1.8895623683929443,1.8834227323532104,1.8772249221801758,1.8666329383850098,1.8513116836547852,1.8332427740097046,1.8176227807998657,1.8044977188110352,1.7920852899551392,1.7766735553741455,1.7614262104034424,1.744693636894226,1.7336636781692505,1.7252026796340942,1.7182250022888184,1.7022043466567993,1.691268801689148,1.665208101272583,1.6653639078140259,1.639849305152893,1.6656558513641357,1.648677110671997,1.6837449073791504,1.6124098300933838,1.686364769935608,1.5597898960113525,1.6184155941009521,1.6839476823806763,1.792309045791626
1.9432175159454346,1.9446791410446167,1.9451824426651,1.944626808166504,1.944230079650879,1.946108102798462,1.9473586082458496,1.9487426280975342,1.952309012413025,1.9521937370300293,1.926281452178955,1.9161866903305054,1.8999053239822388,1.8877661228179932,1.8729991912841797,1.866816759109497,1.8585705757141113,1.8479571342468262,1.834279179573059,1.8196061849594116,1.8063700199127197,1.7961043119430542,1.7870056629180908,1.7732019424438477,1.7598665952682495,1.7506762742996216,1.7427269220352173,1.7295405864715576,1.7194840908050537,1.706707239151001,1.6990412473678589,1.6651215553283691,1.6625416278839111,1.636612892150879,1.669555902481079,1.658203125,1.6978051662445068,1.6134891510009766,1.7265186309814453,1.4944380521774292,1.5850558280944824,1.681039571762085,1.8012588024139404
1.9395508766174316,1.9388834238052368,1.9376134872436523,1.9354453086853027,1.933764934539795,1.9345886707305908,1.9346568584442139,1.9348937273025513,1.938186764717102,1.9386065006256104,1.9152553081512451,1.9021494388580322,1.8848928213119507,1.8712420463562012,1.8548569679260254,1.8447462320327759,1.8347859382629395,1.8271161317825317,1.8158949613571167,1.8037199974060059,1.7937877178192139,1.7877659797668457,1.7819713354110718,1.7725653648376465,1.7628908157348633,1.7564517259597778,1.7501754760742188,1.7360329627990723,1.7204854488372803,1.7055882215499878,1.700295090675354,1.6701948642730713,1.6675478219985962,1.6391472816467285,1.6826417446136475,1.6862001419067383,1.7193810939788818,1.6441360712051392,1.784871220588684,1.3865234851837158,1.5874930620193481,1.731139063835144,1.8458054065704346
1.934826374053955,1.932146430015564,1.9293904304504395,1.926371455192566,1.9238383769989014,1.9235678911209106,1.9224640130996704,1.9213035106658936,1.9247074127197266,1.9242445230484009,1.9013383388519287,1.8865277767181396,1.8682833909988403,1.8544023036956787,1.8374072313308716,1.8251168727874756,1.8129113912582397,1.8068232536315918,1.7995063066482544,1.791304349899292,1.7852543592453003,1.7826992273330688,1.778021216392517,1.7709145545959473,1.7661529779434204,1.7596076726913452,1.7490410804748535,1.7346664667129517,1.7226670980453491,1.702467441558838,1.6951189041137695,1.6726529598236084,1.6784889698028564,1.647425889968872,1.700277328491211,1.7093160152435303,1.730457067489624,1.6722397804260254,1.8118598461151123,1.2069690227508545,1.629294753074646,1.810833215713501,1.8908534049987793
1.929645299911499,1.9259791374206543,1.9228705167770386,1.9196007251739502,1.916477918624878,1.9152783155441284,1.913148045539856,1.911016583442688,1.9142897129058838,1.9119172096252441,1.8880993127822876,1.8747814893722534,1.8559085130691528,1.8429993391036987,1.823899507522583,1.8082892894744873,1.796778678894043,1.7923974990844727,1.7882846593856812,1.786545753479004,1.7835438251495361,1.7787115573883057,1.7720251083374023,1.7656482458114624,1.7625900506973267,1.7554923295974731,1.7423150539398193,1.7314131259918213,1.7272052764892578,1.706718921661377,1.6983230113983154,1.6742178201675415,1.6898698806762695,1.6572694778442383,1.7151565551757812,1.7216142416000366,1.724498987197876,1.704375982284546,1.7020825147628784,1.6226036548614502,1.8547416925430298,1.9051382541656494,1.8965308666229248
1.9258071184158325,1.9219180345535278,1.9191806316375732,1.9156644344329834,1.911882758140564,1.9100737571716309,1.9074605703353882,1.904984712600708,1.9063785076141357,1.9013795852661133,1.878367304801941,1.865921974182129,1.8443512916564941,1.8312495946884155,1.8146593570709229,1.797996997833252,1.7900785207748413,1.7865465879440308,1.7835264205932617,1.7848608493804932,1.7825831174850464,1.7735399007797241,1.7662184238433838,1.760364055633545,1.7547061443328857,1.7453217506408691,1.735635757446289,1.7291613817214966,1.7253503799438477,1.7087599039077759,1.7017806768417358,1.6740010976791382,1.6972737312316895,1.6583383083343506,1.7267215251922607,1.7234916687011719,1.7197301387786865,1.6975901126861572,1.6336255073547363,2.0359721183776855,1.8941168785095215,1.8632138967514038,1.8500820398330688
1.9212939739227295,1.9172415733337402,1.9144272804260254,1.9106553792953491,1.9066036939620972,1.90447998046875,1.9015933275222778,1.8989681005477905,1.8994574546813965,1.8935059309005737,1.869826316833496,1.8586344718933105,1.8359694480895996,1.8196552991867065,1.8078447580337524,1.7999460697174072,1.7925230264663696,1.7879130840301514,1.785687804222107,1.782279372215271,1.7763125896453857,1.7692724466323853,1.7602671384811401,1.7531390190124512,1.7476637363433838,1.739425539970398,1.7348971366882324,1.7251776456832886,1.7182567119598389,1.7046295404434204,1.7000471353530884,1.6727440357208252,1.6992123126983643,1.6509875059127808,1.7375538349151611,1.722517490386963,1.719186544418335,1.6793395280838013,1.6852223873138428,1.8406246900558472,1.7799044847488403,1.8155361413955688,1.8470873832702637
1.9143831729888916,1.9095795154571533,1.9059312343597412,1.901904582977295,1.8979544639587402,1.8956272602081299,1.8926655054092407,1.8907721042633057,1.8934123516082764,1.8909497261047363,1.8609933853149414,1.8521981239318848,1.8341948986053467,1.8165132999420166,1.80591881275177,1.8026278018951416,1.7922616004943848,1.7884401082992554,1.7849986553192139,1.7764121294021606,1.7695667743682861,1.7638096809387207,1.751434564590454,1.7428789138793945,1.7390048503875732,1.7354722023010254,1.7329840660095215,1.7191956043243408,1.7122433185577393,1.6987102031707764,1.700788974761963,1.6778318881988525,1.7074865102767944,1.6459354162216187,1.7523285150527954,1.7117631435394287,1.7061407566070557,1.6896075010299683,1.7064900398254395,1.823056936264038,1.826269507408142,1.8587034940719604,1.8728768825531006
1.906802773475647,1.9014503955841064,1.8971916437149048,1.893111228942871,1.8894480466842651,1.8871889114379883,1.8847696781158447,1.884456992149353,1.8894232511520386,1.8890764713287354,1.8567264080047607,1.848130226135254,1.8312582969665527,1.8190332651138306,1.8098223209381104,1.8005250692367554,1.7916374206542969,1.7895481586456299,1.782768726348877,1.7737512588500977,1.7673687934875488,1.7567856311798096,1.744265079498291,1.7369053363800049,1.7317554950714111,1.7279901504516602,1.7236802577972412,1.71123468875885,1.705336093902588,1.6937150955200195,1.7051036357879639,1.6874852180480957,1.7246034145355225,1.6537302732467651,1.7831542491912842,1.6850647926330566,1.6882343292236328,1.6790038347244263,1.73250150680542,1.80179762840271,1.8174289464950562,1.8516148328781128,1.870148777961731
1.8987886905670166,1.893685221672058,1.8895542621612549,1.8858813047409058,1.8828034400939941,1.8811712265014648,1.8795936107635498,1.8803917169570923,1.886597752571106,1.8861221075057983,1.8583937883377075,1.848651647567749,1.8270940780639648,1.8218159675598145,1.815058946609497,1.8058960437774658,1.797866940498352,1.7902164459228516,1.7783504724502563,1.7697489261627197,1.7600948810577393,1.7476400136947632,1.7416239976882935,1.73783278465271,1.7279084920883179,1.7207016944885254,1.716347575187683,1.7075130939483643,1.7010035514831543,1.6936101913452148,1.7106157541275024,1.696493148803711,1.742266297340393,1.6663014888763428,1.825467824935913,1.6051267385482788,1.6362850666046143,1.6678962707519531,1.748201847076416,1.82085382938385,1.8492238521575928,1.8775708675384521,1.8922762870788574
1.889434576034546,1.885601282119751,1.882379412651062,1.8795266151428223,1.8772084712982178,1.8768692016601562,1.8761190176010132,1.8769416809082031,1.8821215629577637,1.8828288316726685,1.8583178520202637,1.8489441871643066,1.8283777236938477,1.8224120140075684,1.816270351409912,1.812045693397522,1.8000178337097168,1.7846946716308594,1.7705166339874268,1.759866714477539,1.74843430519104,1.7391387224197388,1.7387239933013916,1.736830234527588,1.7257342338562012,1.71864914894104,1.7163987159729004,1.7093371152877808,1.7024118900299072,1.6977401971817017,1.7118196487426758,1.7059006690979004,1.7564419507980347,1.6900891065597534,1.8702762126922607,1.4563568830490112,1.5978105068206787,1.6947695016860962,1.7928218841552734,1.8481308221817017,1.8685755729675293,1.8880215883255005,1.8998656272888184
1.8805750608444214,1.8776779174804688,1.8750717639923096,1.8728253841400146,1.8713984489440918,1.8723646402359009,1.8728103637695312,1.8743008375167847,1.8788706064224243,1.8799220323562622,1.8556032180786133,1.8483339548110962,1.8325504064559937,1.8256332874298096,1.8171892166137695,1.8083012104034424,1.7910263538360596,1.7772717475891113,1.7652266025543213,1.7511769533157349,1.74117910861969,1.7350444793701172,1.7303459644317627,1.7260689735412598,1.7218601703643799,1.7173782587051392,1.7130907773971558,1.7077937126159668,1.7036463022232056,1.7027342319488525,1.7099932432174683,1.7125341892242432,1.756194829940796,1.711552619934082,1.8971617221832275,1.2491991519927979,1.5886127948760986,1.7620234489440918,1.8526906967163086,1.8813847303390503,1.88827383518219,1.8996319770812988,1.9081392288208008
1.873720645904541,1.8705177307128906,1.8676912784576416,1.8657814264297485,1.8652000427246094,1.8670659065246582,1.8688483238220215,1.8724143505096436,1.8797978162765503,1.8821971416473389,1.8570435047149658,1.850710153579712,1.8344192504882812,1.8273568153381348,1.8149409294128418,1.7995737791061401,1.7812331914901733,1.7710851430892944,1.7592324018478394,1.7439050674438477,1.7362933158874512,1.7317476272583008,1.7230759859085083,1.7163556814193726,1.7163891792297363,1.7095327377319336,1.7006492614746094,1.6996945142745972,1.702479362487793,1.7087247371673584,1.71295964717865,1.7223608493804932,1.7396801710128784,1.7384827136993408,1.8227914571762085,1.3824639320373535,1.747998833656311,1.8796353340148926,1.8951777219772339,1.8841993808746338,1.8813610076904297,1.891981601715088,1.9008800983428955
1.8687398433685303,1.8654851913452148,1.8623648881912231,1.8609848022460938,1.8612103462219238,1.8636884689331055,1.8660598993301392,1.8708138465881348,1.880552887916565,1.8864214420318604,1.8614771366119385,1.8536183834075928,1.8348543643951416,1.8258453607559204,1.8090391159057617,1.7929002046585083,1.7767226696014404,1.765769124031067,1.753913164138794,1.7420133352279663,1.735999345779419,1.7318624258041382,1.7229564189910889,1.7160428762435913,1.7126743793487549,1.7033681869506836,1.696906566619873,1.7018311023712158,1.7091715335845947,1.717403531074524,1.7210577726364136,1.737844467163086,1.7297208309173584,1.7781459093093872,1.7057368755340576,1.832331657409668,1.950882911682129,1.9522947072982788,1.8976503610610962,1.889268159866333,1.8842830657958984,1.8929641246795654,1.9042105674743652
1.8661677837371826,1.8637515306472778,1.860987901687622,1.860049843788147,1.8607561588287354,1.8632758855819702,1.8656493425369263,1.8706731796264648,1.8815022706985474,1.8907889127731323,1.8641927242279053,1.8564642667770386,1.8383712768554688,1.8270851373672485,1.8075448274612427,1.7940245866775513,1.7778517007827759,1.7632782459259033,1.754431962966919,1.746561884880066,1.7423641681671143,1.7374416589736938,1.729831337928772,1.7227783203125,1.7143113613128662,1.7067164182662964,1.706054449081421,1.712762475013733,1.7180863618850708,1.7241315841674805,1.7274625301361084,1.7393770217895508,1.731435775756836,1.7730367183685303,1.6966321468353271,2.0151548385620117,1.8748196363449097,1.8777663707733154,1.8556193113327026,1.8769527673721313,1.8827275037765503,1.8946785926818848,1.9103623628616333
1.8669922351837158,1.8651247024536133,1.863006591796875,1.8623783588409424,1.8628991842269897,1.8650994300842285,1.8679362535476685,1.8741202354431152,1.8868002891540527,1.8965916633605957,1.8674794435501099,1.8594013452529907,1.842651128768921,1.8306118249893188,1.810173749923706,1.7981226444244385,1.7830908298492432,1.7680636644363403,1.7590333223342896,1.7517116069793701,1.747134804725647,1.7429163455963135,1.7413865327835083,1.73453688621521,1.7246280908584595,1.7181906700134277,1.7152438163757324,1.715108871459961,1.7161622047424316,1.7239480018615723,1.7302653789520264,1.7420754432678223,1.7393805980682373,1.7732505798339844,1.7462568283081055,1.8884634971618652,1.8139103651046753,1.8581690788269043,1.8555940389633179,1.8731815814971924,1.8807367086410522,1.9014075994491577,1.9183306694030762
1.8683098554611206,1.865892767906189,1.86380136013031,1.863094687461853,1.8634322881698608,1.8655614852905273,1.8692415952682495,1.8773115873336792,1.892500638961792,1.902252197265625,1.872934341430664,1.8627796173095703,1.8466211557388306,1.8354771137237549,1.815585970878601,1.8038008213043213,1.7940095663070679,1.7815234661102295,1.7714061737060547,1.765037178993225,1.757628321647644,1.7525503635406494,1.7516183853149414,1.7445042133331299,1.7334425449371338,1.727640151977539,1.7200615406036377,1.712642788887024,1.712778925895691,1.7246453762054443,1.735255479812622,1.7523025274276733,1.7556248903274536,1.7916438579559326,1.77634596824646,1.8555269241333008,1.8338987827301025,1.865087628364563,1.856873631477356,1.8720061779022217,1.882110595703125,1.9055242538452148,1.9244450330734253
1.8674572706222534,1.8636977672576904,1.8610093593597412,1.8599894046783447,1.8606691360473633,1.863437294960022,1.8685370683670044,1.8793569803237915,1.8981115818023682,1.9094465970993042,1.878809928894043,1.8710432052612305,1.8542190790176392,1.8418209552764893,1.8241095542907715,1.81682288646698,1.8118208646774292,1.802037239074707,1.7909648418426514,1.7841235399246216,1.7771248817443848,1.7680299282073975,1.757373571395874,1.746789574623108,1.7369574308395386,1.7289958000183105,1.7226556539535522,1.7172602415084839,1.7219420671463013,1.7359532117843628,1.7463308572769165,1.7614092826843262,1.7691751718521118,1.795559048652649,1.7922182083129883,1.8336906433105469,1.8292561769485474,1.8567702770233154,1.854689598083496,1.876644492149353,1.890592336654663,1.908366322517395,1.9274303913116455
1.8664889335632324,1.8618789911270142,1.8591347932815552,1.858590841293335,1.8598644733428955,1.8636854887008667,1.8708200454711914,1.8849035501480103,1.907781958580017,1.9208629131317139,1.888680338859558,1.8830764293670654,1.8625762462615967,1.8488496541976929,1.8376742601394653,1.8347004652023315,1.8271396160125732,1.8211379051208496,1.8101874589920044,1.8016074895858765,1.7930896282196045,1.7795212268829346,1.7625807523727417,1.7493910789489746,1.7435921430587769,1.7357591390609741,1.735111951828003,1.736192226409912,1.7388859987258911,1.7485029697418213,1.758431315422058,1.7707628011703491,1.7771787643432617,1.8000515699386597,1.8019262552261353,1.8354954719543457,1.839165449142456,1.8649570941925049,1.8726009130477905,1.89284348487854,1.904354453086853,1.9193317890167236,1.9341431856155396
