wind_JJA_day_native.json
{"header": {"parameterCategory": 2, "parameterUnit": "m/s", "nx": 220, "ny": 280, "lo1": 118.693, "la1": 26.2568353691, "lo2": 123.2203272787, "la2": 21.0494, "dx": 0.0206727273, "dy": 0.0186646429, "refTime": "2025-01-01 00:00:00", "forecastTime": 0, "parameterNumber": 2}, "data":
[rows 38 to 56 of 280, columns 172 to 214 of 220]
-0.3514515459537506,-0.34455904364585876,-0.33461228013038635,-0.3250945508480072,-0.31965985894203186,-0.315978467464447,-0.31381863355636597,-0.31569725275039673,-0.31723490357398987,-0.31183069944381714,-0.3024277687072754,-0.2940903604030609,-0.28573498129844666,-0.2809510827064514,-0.27576306462287903,-0.26734939217567444,-0.25759848952293396,-0.24310144782066345,-0.22914592921733856,-0.22482721507549286,-0.22531071305274963,-0.21875691413879395,-0.21164530515670776,-0.21417725086212158,-0.21875730156898499,-0.2131686806678772,-0.20545469224452972,-0.20350900292396545,-0.20193928480148315,-0.2069254368543625,-0.21623963117599487,-0.21872155368328094,-0.21625788509845734,-0.2177942395210266,-0.21749046444892883,-0.2244664579629898,-0.22623001039028168,-0.2447807937860489,-0.2333778738975525,-0.19005703926086426,-0.1899009346961975,-0.19659705460071564,-0.20311591029167175
-0.42346590757369995,-0.4158666729927063,-0.4017975926399231,-0.3880734443664551,-0.38176798820495605,-0.37975746393203735,-0.3756076395511627,-0.37317442893981934,-0.371198445558548,-0.3611740171909332,-0.3464895784854889,-0.3372599482536316,-0.32937347888946533,-0.31895506381988525,-0.30935579538345337,-0.30003678798675537,-0.2910877466201782,-0.27930083870887756,-0.26577621698379517,-0.2577665150165558,-0.2574111819267273,-0.2552129626274109,-0.24992087483406067,-0.2488129884004593,-0.24998363852500916,-0.24659471213817596,-0.2362850159406662,-0.2282772958278656,-0.22738739848136902,-0.23493653535842896,-0.2439209669828415,-0.24579010903835297,-0.24425645172595978,-0.24661079049110413,-0.24580156803131104,-0.24786891043186188,-0.2423599809408188,-0.25855502486228943,-0.24898728728294373,-0.20712602138519287,-0.20770569145679474,-0.21471619606018066,-0.22064658999443054
-0.4934634566307068,-0.4830584228038788,-0.47062861919403076,-0.45636776089668274,-0.44387903809547424,-0.43583011627197266,-0.42899391055107117,-0.4232376217842102,-0.41417327523231506,-0.3982366919517517,-0.38405856490135193,-0.37595435976982117,-0.3694836497306824,-0.35969406366348267,-0.3473983407020569,-0.33344221115112305,-0.32276207208633423,-0.3136061429977417,-0.30554017424583435,-0.29957401752471924,-0.29641327261924744,-0.2949216365814209,-0.2914395034313202,-0.2878057360649109,-0.2840438783168793,-0.27843308448791504,-0.2648138999938965,-0.25315117835998535,-0.25243693590164185,-0.25809696316719055,-0.2661931812763214,-0.27413907647132874,-0.27678075432777405,-0.2764897048473358,-0.27296313643455505,-0.2719014585018158,-0.25788962841033936,-0.26958054304122925,-0.2635829746723175,-0.2221112698316574,-0.22144843637943268,-0.22919625043869019,-0.2358429878950119
-0.560257077217102,-0.5478560924530029,-0.5371348857879639,-0.524968147277832,-0.5062212347984314,-0.48712360858917236,-0.4742423892021179,-0.4654805660247803,-0.45290452241897583,-0.43491804599761963,-0.4209650456905365,-0.4148702323436737,-0.4073517322540283,-0.39524468779563904,-0.38377290964126587,-0.3698903024196625,-0.35703545808792114,-0.3477534055709839,-0.3445946276187897,-0.3436324894428253,-0.3409990072250366,-0.33493220806121826,-0.3230784833431244,-0.31543493270874023,-0.313803106546402,-0.3090874254703522,-0.2971624433994293,-0.28964802622795105,-0.28844723105430603,-0.28709840774536133,-0.2907251715660095,-0.2997055947780609,-0.3039921224117279,-0.303449809551239,-0.294127881526947,-0.29231616854667664,-0.27992743253707886,-0.2840302884578705,-0.274696946144104,-0.23529890179634094,-0.23428864777088165,-0.24171754717826843,-0.2479173094034195
-0.626865565776825,-0.6112008690834045,-0.5962318181991577,-0.5787455439567566,-0.5611909031867981,-0.5430222749710083,-0.5221343040466309,-0.5055621266365051,-0.4927949905395508,-0.47662144899368286,-0.4605049788951874,-0.4539966881275177,-0.44666439294815063,-0.432760089635849,-0.4205864667892456,-0.4086575210094452,-0.39645135402679443,-0.3854789137840271,-0.3824097812175751,-0.38385847210884094,-0.3792975842952728,-0.36735567450523376,-0.35063543915748596,-0.3412770628929138,-0.34273281693458557,-0.34084802865982056,-0.33115121722221375,-0.3217828869819641,-0.3195410966873169,-0.3191303014755249,-0.3164651393890381,-0.31875213980674744,-0.32259079813957214,-0.32478877902030945,-0.3148593008518219,-0.3112858235836029,-0.3000202476978302,-0.30167606472969055,-0.2845921814441681,-0.24347031116485596,-0.24571572244167328,-0.2538425624370575,-0.25955721735954285
-0.6871221661567688,-0.6664663553237915,-0.6450871825218201,-0.624052107334137,-0.6085582971572876,-0.5923944711685181,-0.5686784982681274,-0.5484099388122559,-0.5336050987243652,-0.5171617865562439,-0.5005645155906677,-0.4918080270290375,-0.482565313577652,-0.468085378408432,-0.45590874552726746,-0.4467584788799286,-0.4379536807537079,-0.4253089427947998,-0.4194504916667938,-0.4200221002101898,-0.4094642400741577,-0.39156970381736755,-0.3784627914428711,-0.37279292941093445,-0.37183070182800293,-0.3658134937286377,-0.355863481760025,-0.34845754504203796,-0.3462347984313965,-0.34473365545272827,-0.34261494874954224,-0.3423442840576172,-0.3405001759529114,-0.34176328778266907,-0.33139386773109436,-0.32502487301826477,-0.3140868544578552,-0.3186456263065338,-0.297779381275177,-0.2534357011318207,-0.2573528289794922,-0.26514071226119995,-0.27072203159332275
-0.7388243079185486,-0.718035876750946,-0.6939118504524231,-0.6687405705451965,-0.6499461531639099,-0.6340896487236023,-0.6127503514289856,-0.5932836532592773,-0.5756719708442688,-0.5583275556564331,-0.5425223708152771,-0.5292252898216248,-0.5171688795089722,-0.5045409798622131,-0.49247294664382935,-0.4821881651878357,-0.4741537570953369,-0.46386444568634033,-0.4568904638290405,-0.4496475160121918,-0.4327833950519562,-0.41693589091300964,-0.40837720036506653,-0.4044760763645172,-0.40250808000564575,-0.3909963369369507,-0.3796314299106598,-0.37509238719940186,-0.3695337474346161,-0.36416861414909363,-0.36385294795036316,-0.3655356764793396,-0.3595077693462372,-0.35601118206977844,-0.34303927421569824,-0.33244121074676514,-0.3205636739730835,-0.3278459906578064,-0.30978962779045105,-0.2672927975654602,-0.2710259258747101,-0.27741965651512146,-0.2820870578289032
-0.7894776463508606,-0.7679124474525452,-0.742348313331604,-0.715191662311554,-0.6931384801864624,-0.6771288514137268,-0.6607457399368286,-0.6419201493263245,-0.6210652589797974,-0.6001864075660706,-0.5819379091262817,-0.5662899017333984,-0.5536911487579346,-0.5416879653930664,-0.5293646454811096,-0.5170782208442688,-0.5077533721923828,-0.5000269412994385,-0.49030542373657227,-0.4780535399913788,-0.4589943587779999,-0.44219598174095154,-0.4338454306125641,-0.43140676617622375,-0.4299098551273346,-0.4180046021938324,-0.4059828817844391,-0.3967652916908264,-0.3867674767971039,-0.38111624121665955,-0.3798332214355469,-0.38160404562950134,-0.3764245808124542,-0.36912140250205994,-0.3534668982028961,-0.34283962845802307,-0.3301798701286316,-0.3368337154388428,-0.3188422918319702,-0.2777917683124542,-0.2826346755027771,-0.28834298253059387,-0.2911970913410187
-0.8366521000862122,-0.8141276836395264,-0.7898339629173279,-0.7646068930625916,-0.741622805595398,-0.725490391254425,-0.7107965350151062,-0.6871872544288635,-0.6609793901443481,-0.6407690048217773,-0.6265596151351929,-0.6110953688621521,-0.5947840213775635,-0.580045759677887,-0.5633724331855774,-0.5478073358535767,-0.5364409685134888,-0.5275853276252747,-0.5193538665771484,-0.5098339319229126,-0.4888418912887573,-0.4634929895401001,-0.45213738083839417,-0.45181789994239807,-0.45166680216789246,-0.44295263290405273,-0.4296591281890869,-0.41419437527656555,-0.4011095464229584,-0.39705324172973633,-0.3975832760334015,-0.4016624391078949,-0.39688101410865784,-0.38408586382865906,-0.3658474087715149,-0.35752132534980774,-0.3419104516506195,-0.3417831361293793,-0.32308006286621094,-0.28655683994293213,-0.29425978660583496,-0.29909980297088623,-0.29993006587028503
-0.8890664577484131,-0.8649477362632751,-0.840477466583252,-0.8153809309005737,-0.7896538972854614,-0.7700934410095215,-0.7545095086097717,-0.7323184013366699,-0.7073728442192078,-0.6867690682411194,-0.6686652302742004,-0.6499987840652466,-0.6294822096824646,-0.6091536283493042,-0.591404914855957,-0.5757787823677063,-0.5651781558990479,-0.5549753308296204,-0.5434600710868835,-0.5342230796813965,-0.5161652565002441,-0.4912419021129608,-0.47517701983451843,-0.4695199728012085,-0.46719256043434143,-0.4621495008468628,-0.44889041781425476,-0.4274197220802307,-0.41567718982696533,-0.41584789752960205,-0.4134790897369385,-0.415397971868515,-0.41288864612579346,-0.4007728397846222,-0.3797766864299774,-0.36933350563049316,-0.3526916205883026,-0.3487037122249603,-0.3304669260978699,-0.29683682322502136,-0.30469411611557007,-0.30843988060951233,-0.3076940178871155
-0.942970871925354,-0.9183040857315063,-0.8928859233856201,-0.8636082410812378,-0.8328083157539368,-0.808330774307251,-0.7878367900848389,-0.7670837044715881,-0.7457875609397888,-0.7225491404533386,-0.7004901766777039,-0.6823676824569702,-0.6627960205078125,-0.6405035257339478,-0.6201329231262207,-0.6018325090408325,-0.5894296765327454,-0.5783725380897522,-0.5650561451911926,-0.5540952682495117,-0.5393683910369873,-0.5201656222343445,-0.5004538297653198,-0.48728489875793457,-0.4823387563228607,-0.4775479733943939,-0.4640820622444153,-0.44127190113067627,-0.4295373558998108,-0.4291577637195587,-0.4218246042728424,-0.418690949678421,-0.41927966475486755,-0.41363993287086487,-0.39430344104766846,-0.3821318745613098,-0.36358025670051575,-0.3611358106136322,-0.34619641304016113,-0.31049126386642456,-0.31380024552345276,-0.3159134089946747,-0.31407395005226135
-0.9908472895622253,-0.9647793769836426,-0.9387949705123901,-0.9046053886413574,-0.8705601692199707,-0.8419352173805237,-0.8170071244239807,-0.7971827387809753,-0.7766510248184204,-0.7501142024993896,-0.7249857187271118,-0.7074313163757324,-0.6906611919403076,-0.6677003502845764,-0.6423094272613525,-0.6205864548683167,-0.6080015301704407,-0.5980468392372131,-0.5853815078735352,-0.5722334384918213,-0.5589185953140259,-0.5422061681747437,-0.5234709978103638,-0.5099081993103027,-0.5000967383384705,-0.4907151758670807,-0.4777977466583252,-0.46137502789497375,-0.4465615153312683,-0.4370504915714264,-0.42879292368888855,-0.4237460196018219,-0.42133715748786926,-0.42030563950538635,-0.4080233871936798,-0.39796289801597595,-0.37741968035697937,-0.3753775954246521,-0.35926562547683716,-0.3195398449897766,-0.3212186098098755,-0.32269486784935,-0.3202524781227112
-1.028985619544983,-0.996075451374054,-0.9717163443565369,-0.9401978850364685,-0.9053812026977539,-0.8764479160308838,-0.849608302116394,-0.8241625428199768,-0.8004781007766724,-0.776555061340332,-0.7510740756988525,-0.7282678484916687,-0.7110873460769653,-0.6883183717727661,-0.6600239872932434,-0.6391432881355286,-0.6268182992935181,-0.6139262318611145,-0.6000960469245911,-0.5890180468559265,-0.5752211809158325,-0.5578155517578125,-0.542778730392456,-0.5293982028961182,-0.5195264220237732,-0.5107223391532898,-0.4949580729007721,-0.4773835241794586,-0.4606057107448578,-0.4484964907169342,-0.4431072175502777,-0.4348098635673523,-0.4219546616077423,-0.42040687799453735,-0.4175702929496765,-0.4144306480884552,-0.39593860507011414,-0.39101630449295044,-0.3666832447052002,-0.32390567660331726,-0.3274765610694885,-0.32854709029197693,-0.32532134652137756
-1.0653612613677979,-1.0287806987762451,-1.000648021697998,-0.9696625471115112,-0.9353163838386536,-0.9056869745254517,-0.8793214559555054,-0.8520351648330688,-0.8252019882202148,-0.8017113208770752,-0.776581883430481,-0.7511178851127625,-0.7301819324493408,-0.7058680653572083,-0.6784054040908813,-0.6567354202270508,-0.6427885890007019,-0.6303480863571167,-0.6178056001663208,-0.6057929992675781,-0.5902634859085083,-0.5735171437263489,-0.5588656663894653,-0.5426367521286011,-0.5304127335548401,-0.5220686793327332,-0.5083017349243164,-0.4913591146469116,-0.47381460666656494,-0.46214696764945984,-0.4578228294849396,-0.45027998089790344,-0.43538039922714233,-0.4254361391067505,-0.420925498008728,-0.4228382706642151,-0.4066864848136902,-0.4008294939994812,-0.3767508864402771,-0.3351238965988159,-0.3352185785770416,-0.3339282274246216,-0.33027416467666626
-1.0979173183441162,-1.0606768131256104,-1.0251249074935913,-0.993786096572876,-0.9653454422950745,-0.9365818500518799,-0.9063736796379089,-0.8774570226669312,-0.8498578667640686,-0.8252015709877014,-0.798865795135498,-0.7682608366012573,-0.7422497272491455,-0.7213326096534729,-0.6989736557006836,-0.6775940656661987,-0.6619964241981506,-0.6490466594696045,-0.6393445730209351,-0.6249796152114868,-0.6064333319664001,-0.590632438659668,-0.5713446736335754,-0.5536404848098755,-0.5405563712120056,-0.5290035009384155,-0.5210298299789429,-0.5086795091629028,-0.48758837580680847,-0.47199389338493347,-0.46708402037620544,-0.46387168765068054,-0.45051243901252747,-0.43573325872421265,-0.4270989000797272,-0.42494484782218933,-0.40947431325912476,-0.4063936173915863,-0.38680678606033325,-0.3475858271121979,-0.3436039686203003,-0.3400872051715851,-0.33531901240348816
-1.1225061416625977,-1.0850694179534912,-1.0454578399658203,-1.0140278339385986,-0.9885054230690002,-0.9607040286064148,-0.9297010898590088,-0.9004105925559998,-0.870876669883728,-0.8430631756782532,-0.8149939179420471,-0.7807316780090332,-0.7523176670074463,-0.7361657023429871,-0.7195028066635132,-0.7009791135787964,-0.6850413084030151,-0.6703839302062988,-0.6591970324516296,-0.6405516862869263,-0.6200281977653503,-0.6042339205741882,-0.582696259021759,-0.5653010010719299,-0.5522473454475403,-0.5397244691848755,-0.5338883399963379,-0.5191277265548706,-0.49467596411705017,-0.479348748922348,-0.47370266914367676,-0.4711993336677551,-0.46063232421875,-0.4481077194213867,-0.4395202696323395,-0.43278712034225464,-0.41377562284469604,-0.41536593437194824,-0.3970891237258911,-0.35544297099113464,-0.3514387905597687,-0.3467397391796112,-0.3410821557044983
-1.1443599462509155,-1.1039294004440308,-1.0659661293029785,-1.0367200374603271,-1.0095640420913696,-0.9787129163742065,-0.9479433298110962,-0.9176328778266907,-0.8895318508148193,-0.8647254705429077,-0.8352997303009033,-0.7999584078788757,-0.76991206407547,-0.7508463263511658,-0.734765887260437,-0.7180192470550537,-0.7021561861038208,-0.6875848770141602,-0.6743446588516235,-0.6570398807525635,-0.6383993029594421,-0.6201688647270203,-0.5980573892593384,-0.5792301297187805,-0.5677815079689026,-0.5565497875213623,-0.54206383228302,-0.5207269787788391,-0.5008710622787476,-0.4934546947479248,-0.48719021677970886,-0.4778347313404083,-0.46962210536003113,-0.46225452423095703,-0.4508807361125946,-0.44110107421875,-0.418265163898468,-0.41893520951271057,-0.4016454219818115,-0.36016836762428284,-0.35740503668785095,-0.3522118330001831,-0.3461887538433075
-1.1666772365570068,-1.1245601177215576,-1.0872142314910889,-1.0541541576385498,-1.0233174562454224,-0.992071807384491,-0.9634804725646973,-0.9360662698745728,-0.9098101854324341,-0.8862677216529846,-0.8544312119483948,-0.8180118799209595,-0.7887178063392639,-0.7681272029876709,-0.7517539262771606,-0.733491837978363,-0.7166659832000732,-0.7020859718322754,-0.6882363557815552,-0.6731517910957336,-0.6549451947212219,-0.6347461938858032,-0.6145155429840088,-0.597588062286377,-0.5851359367370605,-0.5729546546936035,-0.5527673363685608,-0.5277891755104065,-0.5131688714027405,-0.5094506740570068,-0.5002134442329407,-0.48719659447669983,-0.4763268530368805,-0.4694719910621643,-0.4578322470188141,-0.44750988483428955,-0.424507737159729,-0.42147547006607056,-0.404138445854187,-0.3647603392601013,-0.36235561966896057,-0.3570406436920166,-0.3513573706150055
-1.1874971389770508,-1.146175742149353,-1.1060787439346313,-1.0683244466781616,-1.0338490009307861,-1.0050641298294067,-0.9801212549209595,-0.9536433219909668,-0.926693856716156,-0.8992969989776611,-0.8656374216079712,-0.833099365234375,-0.8073307871818542,-0.7868127822875977,-0.7687838673591614,-0.749108076095581,-0.730161190032959,-0.714562177658081,-0.7005605697631836,-0.6854648590087891,-0.6658449172973633,-0.6451560258865356,-0.6292645335197449,-0.613731861114502,-0.5978394746780396,-0.5824168920516968,-0.5632307529449463,-0.5408878326416016,-0.5250774621963501,-0.5195586085319519,-0.5104132294654846,-0.49640408158302307,-0.4806399643421173,-0.4704938530921936,-0.46211880445480347,-0.4537230432033539,-0.4320705831050873,-0.42874792218208313,-0.41107434034347534,-0.37255197763442993,-0.368000328540802,-0.3618502616882324,-0.3562699258327484
