wind_JJA_night_native.json
{"header": {"parameterCategory": 2, "parameterUnit": "m/s", "nx": 220, "ny": 280, "lo1": 118.693, "la1": 26.2568353691, "lo2": 123.2203272787, "la2": 21.0494, "dx": 0.0206727273, "dy": 0.0186646429, "refTime": "2025-01-01 00:00:00", "forecastTime": 0, "parameterNumber": 2}, "data":
[rows 152 to 170 of 280, columns 129 to 171 of 220]
0.47329169511795044,0.24315781891345978,-0.16221734881401062,-0.453067421913147,-0.37749338150024414,0.3139009475708008,0.8692573308944702,1.0129876136779785,1.2585840225219727,1.3852336406707764,1.49849534034729,1.4911737442016602,1.4185086488723755,1.3281124830245972,1.2364519834518433,1.1450326442718506,1.0450477600097656,0.9388880729675293,0.8434447050094604,0.7634018659591675,0.68862384557724,0.6301754713058472,0.593661904335022,0.5668601989746094,0.5443940758705139,0.5299531817436218,0.5255312919616699,0.5260734558105469,0.5366215705871582,0.5493077635765076,0.556044340133667,0.5665545463562012,0.5778473615646362,0.5840747356414795,0.5900197625160217,0.5926085114479065,0.5957896113395691,0.6044461727142334,0.6191853880882263,0.6300886869430542,0.6314573287963867,0.6310742497444153,0.6274343729019165
0.43304741382598877,0.31720465421676636,-0.21049366891384125,-0.48780423402786255,0.05571085214614868,0.698754608631134,0.7820245027542114,0.8032381534576416,0.990636944770813,1.1498388051986694,1.2995725870132446,1.3418519496917725,1.324267864227295,1.2727538347244263,1.195546269416809,1.1071854829788208,1.006122350692749,0.9053763151168823,0.8213244080543518,0.7493857741355896,0.6801230907440186,0.6203428506851196,0.5847992300987244,0.5664942860603333,0.5521571040153503,0.5409436225891113,0.5345169901847839,0.5339194536209106,0.543369472026825,0.5580259561538696,0.5728582739830017,0.5830601453781128,0.5896230936050415,0.594068169593811,0.6002659201622009,0.6104216575622559,0.6183180212974548,0.6218432188034058,0.6323372721672058,0.6448752880096436,0.649146556854248,0.6508240699768066,0.6504548788070679
0.3262500762939453,-0.10068802535533905,-0.630224347114563,-0.3436778783798218,0.6384630799293518,1.1014678478240967,1.0069514513015747,0.8534986972808838,0.9689350128173828,1.1073622703552246,1.1825809478759766,1.2130718231201172,1.224853754043579,1.2041488885879517,1.1476776599884033,1.064366102218628,0.9635179042816162,0.873285174369812,0.8009273409843445,0.7313540577888489,0.6675652265548706,0.6145421862602234,0.5788319110870361,0.5624820590019226,0.5557068586349487,0.5528449416160583,0.547882080078125,0.5424268841743469,0.5492295622825623,0.5654320120811462,0.5826705694198608,0.5951194763183594,0.6031310558319092,0.6101672649383545,0.6156999468803406,0.619716465473175,0.6313051581382751,0.6433957815170288,0.6470402479171753,0.6514529585838318,0.6576148271560669,0.6639894247055054,0.6717257499694824
-0.09437023848295212,-0.4909636974334717,-0.9237059950828552,-0.2739841341972351,0.7298848628997803,1.0015755891799927,0.9299589395523071,0.9737235903739929,1.0203436613082886,1.0777100324630737,1.0828173160552979,1.1139488220214844,1.1430590152740479,1.1383860111236572,1.0952938795089722,1.0183618068695068,0.9235234260559082,0.8424243927001953,0.7770055532455444,0.7113782167434692,0.6510331630706787,0.6086874604225159,0.5820473432540894,0.5644022822380066,0.5611540675163269,0.5650727152824402,0.5614913702011108,0.5561119914054871,0.5627620220184326,0.5769228935241699,0.5923714637756348,0.6064979434013367,0.6178880929946899,0.6276808977127075,0.6313530206680298,0.6286910772323608,0.6387544274330139,0.6595969796180725,0.6655137538909912,0.6626065373420715,0.6665657758712769,0.6759494543075562,0.6868131160736084
-0.1992654800415039,-0.914896547794342,-1.0570993423461914,-0.43197134137153625,0.5380771160125732,0.9672725200653076,0.9378836154937744,1.080607295036316,1.0857030153274536,1.0391287803649902,1.0203107595443726,1.056244134902954,1.0871121883392334,1.080880880355835,1.03880774974823,0.9657512903213501,0.8814314007759094,0.811642587184906,0.7524980306625366,0.6919405460357666,0.6370729804039001,0.6042813062667847,0.5889678597450256,0.575715184211731,0.570756196975708,0.5752744078636169,0.5752722024917603,0.5721409320831299,0.5805492997169495,0.594429612159729,0.6084412336349487,0.6215736269950867,0.6293930411338806,0.6369801163673401,0.6442894339561462,0.6423745155334473,0.6445479393005371,0.6634578108787537,0.6781692504882812,0.6835387945175171,0.6879068613052368,0.6910767555236816,0.6986165642738342
-0.5884498357772827,-0.8798574209213257,-0.7989042401313782,-0.18847595155239105,0.6515515446662903,0.9943149089813232,0.9525138139724731,1.0528002977371216,1.022928237915039,0.9764642119407654,0.9800395965576172,1.0135507583618164,1.0360207557678223,1.0239965915679932,0.9787050485610962,0.9095451831817627,0.837986409664154,0.7790141105651855,0.7252846360206604,0.672792375087738,0.6284418702125549,0.6026763916015625,0.5922257304191589,0.5844587087631226,0.580685555934906,0.5827015042304993,0.5829095244407654,0.5856640934944153,0.597353994846344,0.6099429130554199,0.6241469383239746,0.6379780769348145,0.6409420371055603,0.6457902789115906,0.6566243171691895,0.6561332941055298,0.6544095277786255,0.667221188545227,0.687028706073761,0.7023868560791016,0.7093977332115173,0.707587480545044,0.7099605202674866
-0.7084188461303711,-0.7429425716400146,-0.3722311556339264,0.34674271941185,0.9061716794967651,1.0673500299453735,1.0284463167190552,0.998447835445404,0.9406585097312927,0.9341031312942505,0.9502579569816589,0.9731876850128174,0.9849764108657837,0.968491792678833,0.9208495020866394,0.8572333455085754,0.7952096462249756,0.7429168224334717,0.6963782906532288,0.652087390422821,0.6187955141067505,0.6014047265052795,0.5949956774711609,0.5924080610275269,0.5907493829727173,0.5885262489318848,0.5862792134284973,0.5945852994918823,0.6089937686920166,0.6222879886627197,0.6389424800872803,0.6519368290901184,0.6541281938552856,0.6610866189002991,0.6711323857307434,0.6706242561340332,0.6714909076690674,0.6828804016113281,0.6992197632789612,0.7134837508201599,0.7233688831329346,0.7245017290115356,0.7255445718765259
-0.6637146472930908,-0.5780290365219116,0.25703081488609314,1.050588607788086,1.1757371425628662,1.1047712564468384,1.0771299600601196,0.9265073537826538,0.8973808288574219,0.9065602421760559,0.9248365163803101,0.9376756548881531,0.936430811882019,0.9158610105514526,0.8710551857948303,0.8117542266845703,0.7549370527267456,0.7076782584190369,0.668150007724762,0.6361141800880432,0.6142708659172058,0.6010373830795288,0.5956270694732666,0.602425217628479,0.6043998599052429,0.5963181257247925,0.5953570008277893,0.6055136919021606,0.6210651397705078,0.6359994411468506,0.6528381705284119,0.6658764481544495,0.6682231426239014,0.6751272082328796,0.6848238706588745,0.6863607168197632,0.6929981112480164,0.708027184009552,0.7200678586959839,0.7285826206207275,0.740099310874939,0.7442120313644409,0.7444639801979065
-0.6743245720863342,-0.5035766363143921,0.5049148797988892,1.2474050521850586,1.1787196397781372,1.103304386138916,0.9062921404838562,0.8429192304611206,0.860861599445343,0.8871637582778931,0.901521623134613,0.9021415710449219,0.8907668590545654,0.8638133406639099,0.820401668548584,0.7705090045928955,0.7182340621948242,0.6722805500030518,0.6402944922447205,0.6234133243560791,0.6123918294906616,0.6003561019897461,0.5938448309898376,0.6033043265342712,0.6141771078109741,0.6106082797050476,0.6095883250236511,0.62223219871521,0.6389046311378479,0.6518867015838623,0.6675580739974976,0.6816385984420776,0.6863102912902832,0.6918321251869202,0.6999297142028809,0.7051283717155457,0.7182259559631348,0.7361773252487183,0.7442054748535156,0.7483376860618591,0.759377121925354,0.7638162970542908,0.7657284140586853
-0.701596200466156,-0.2957688570022583,0.7057079076766968,1.2444074153900146,1.1383930444717407,1.003813624382019,0.8374227285385132,0.8241838216781616,0.8537683486938477,0.8773365020751953,0.8805161118507385,0.8672278523445129,0.8444785475730896,0.8116850256919861,0.773055911064148,0.7324766516685486,0.684889554977417,0.6432245969772339,0.6183454394340515,0.6084297895431519,0.6051580905914307,0.6006268858909607,0.5945512652397156,0.6022480130195618,0.6173095107078552,0.6194945573806763,0.6239270567893982,0.6388393640518188,0.6557437181472778,0.6678301095962524,0.6822675466537476,0.696973979473114,0.7042322754859924,0.7126662135124207,0.7195459604263306,0.7259211540222168,0.74027419090271,0.7562106847763062,0.7634024620056152,0.7676804065704346,0.7792220711708069,0.7844325304031372,0.7878831028938293
-0.5606551170349121,0.21834583580493927,1.0922918319702148,1.261435627937317,1.1284849643707275,0.9905617237091064,0.8436883687973022,0.847258985042572,0.8688300251960754,0.8775555491447449,0.8646759390830994,0.8349267244338989,0.8005592226982117,0.7658913135528564,0.7323101758956909,0.6961802244186401,0.6565069556236267,0.6244286298751831,0.6047837734222412,0.5975162982940674,0.5992437601089478,0.6014581918716431,0.5986986756324768,0.6044085621833801,0.6173137426376343,0.6253792643547058,0.6394104361534119,0.6572810411453247,0.671289324760437,0.6822010278701782,0.6981343030929565,0.7134767770767212,0.7228186726570129,0.7333164215087891,0.7435845136642456,0.7544616460800171,0.7633734941482544,0.7724574208259583,0.7795782685279846,0.7854583263397217,0.7969174385070801,0.8047065138816833,0.8114638924598694
-0.19073770940303802,0.6532564163208008,1.2542885541915894,1.2009928226470947,1.0772805213928223,1.0563554763793945,0.9186192750930786,0.8948166370391846,0.8901609182357788,0.8771179914474487,0.8459112048149109,0.8045545220375061,0.7678147554397583,0.7339565753936768,0.6978507041931152,0.6612266302108765,0.6322299838066101,0.6123734712600708,0.5980441570281982,0.5930060148239136,0.5975053906440735,0.6031500101089478,0.6036468744277954,0.6064503788948059,0.6179845333099365,0.6355044841766357,0.6581876277923584,0.674869179725647,0.6829553842544556,0.6952868700027466,0.7142406702041626,0.728054404258728,0.7391305565834045,0.7496106624603271,0.7617313861846924,0.7777879238128662,0.7857034802436829,0.7910196185112,0.7965062856674194,0.8033904433250427,0.8151086568832397,0.8258996605873108,0.8347569108009338
-0.048274558037519455,0.6446977257728577,1.0224895477294922,0.9869273900985718,1.0081573724746704,0.9831548929214478,0.9618918895721436,0.9427827596664429,0.9133650660514832,0.8723136782646179,0.8230921626091003,0.7810781598091125,0.7471152544021606,0.7085063457489014,0.6668668389320374,0.6309137344360352,0.612714946269989,0.6040154695510864,0.5944892168045044,0.5919886827468872,0.5961825251579285,0.6007547974586487,0.6037979125976562,0.6075683236122131,0.6234594583511353,0.6511396169662476,0.6778312921524048,0.6916349530220032,0.6982836127281189,0.7153476476669312,0.7340162396430969,0.7448650002479553,0.7583373188972473,0.7698110342025757,0.7800361514091492,0.7930043339729309,0.8019101619720459,0.8108080625534058,0.8171480894088745,0.8235408663749695,0.8369289636611938,0.8509479761123657,0.8607434034347534
0.03173843026161194,0.6459087133407593,0.7758419513702393,0.8217437267303467,0.9100910425186157,0.9798702001571655,1.0068062543869019,0.9788538813591003,0.9229537844657898,0.8565008640289307,0.797534704208374,0.7592241168022156,0.7273544073104858,0.6828821897506714,0.638978898525238,0.612791895866394,0.6021649837493896,0.5977937579154968,0.5961949825286865,0.5957658886909485,0.5943365693092346,0.596500039100647,0.6032582521438599,0.6148545742034912,0.635723888874054,0.6636425852775574,0.6903032660484314,0.7080577611923218,0.7211529612541199,0.739729642868042,0.755558967590332,0.7674618363380432,0.7818169593811035,0.7918785810470581,0.803818941116333,0.8132085800170898,0.8171278238296509,0.8279547691345215,0.8379479646682739,0.851303219795227,0.8699988126754761,0.8786684274673462,0.8844402432441711
0.2742624878883362,0.6241750717163086,0.6410672664642334,0.7279044389724731,0.907349705696106,1.0221209526062012,1.0471872091293335,0.9955115914344788,0.9191418886184692,0.838097333908081,0.77872633934021,0.7417491674423218,0.704359769821167,0.6587471961975098,0.6227425336837769,0.6039466261863708,0.5970328450202942,0.5969638824462891,0.5958254337310791,0.5926327109336853,0.5916349291801453,0.5981221199035645,0.6105797290802002,0.6275847554206848,0.651829719543457,0.6757768392562866,0.6959701180458069,0.7217360138893127,0.7482943534851074,0.7678932547569275,0.7804540395736694,0.7923440337181091,0.8045006990432739,0.8175736665725708,0.8318677544593811,0.8399534225463867,0.8438346982002258,0.8512064218521118,0.8638650178909302,0.8814117312431335,0.8976612091064453,0.9035712480545044,0.9077735543251038
0.5575577616691589,0.5235205888748169,0.545132040977478,0.6978689432144165,0.9407227039337158,1.0603671073913574,1.0640554428100586,0.9933265447616577,0.9052008986473083,0.8225963115692139,0.7653548717498779,0.7241835594177246,0.6809081435203552,0.6409712433815002,0.6151441931724548,0.5992433428764343,0.5960818529129028,0.5956430435180664,0.588648796081543,0.5869074463844299,0.5944408774375916,0.605855405330658,0.6200087070465088,0.6400021314620972,0.6658095121383667,0.6902458667755127,0.7109450101852417,0.7379063367843628,0.7694801092147827,0.7930420637130737,0.806030809879303,0.8164714574813843,0.8265233039855957,0.8430060148239136,0.8595585823059082,0.8683395981788635,0.8747943639755249,0.8800730109214783,0.8909479379653931,0.9087009429931641,0.9203989505767822,0.9244153499603271,0.9314049482345581
0.679104208946228,0.4993938207626343,0.5061038732528687,0.6551581621170044,0.9578617811203003,1.0960832834243774,1.069328784942627,0.9789817333221436,0.8874524831771851,0.8079547882080078,0.7524505853652954,0.706076443195343,0.6605725288391113,0.6281828880310059,0.6095517873764038,0.5989283323287964,0.5950915813446045,0.5915020108222961,0.5849734544754028,0.5880206823348999,0.6015529632568359,0.6136603951454163,0.6318546533584595,0.6590397357940674,0.6843109130859375,0.7088980078697205,0.7352656722068787,0.7623929977416992,0.7891360521316528,0.8151845335960388,0.8322280049324036,0.8400998711585999,0.8501657247543335,0.8685398697853088,0.8878234624862671,0.9002173542976379,0.9071304202079773,0.909809947013855,0.9150944948196411,0.9280444383621216,0.9397150278091431,0.9448109269142151,0.9548326134681702
0.7214533090591431,0.5501478314399719,0.5346394777297974,0.7470601201057434,1.0973668098449707,1.1361629962921143,1.0549490451812744,0.9527866840362549,0.8675976991653442,0.7927444577217102,0.7367494106292725,0.691835880279541,0.6483380794525146,0.6206676959991455,0.6060686111450195,0.5952197909355164,0.5890502333641052,0.586712121963501,0.5886924862861633,0.5977329015731812,0.6114844083786011,0.6242368221282959,0.6472573280334473,0.6825964450836182,0.7095677852630615,0.7324349284172058,0.7579092979431152,0.7865557670593262,0.8142826557159424,0.8372269868850708,0.856791079044342,0.8684166073799133,0.8805913329124451,0.8994119167327881,0.9165616035461426,0.9304341673851013,0.9381224513053894,0.9367527365684509,0.9377179145812988,0.947796642780304,0.9594926834106445,0.9660609364509583,0.9791074991226196
0.7705733776092529,0.62254798412323,0.6617435216903687,1.0358785390853882,1.1848856210708618,1.1187238693237305,1.0117131471633911,0.9197560548782349,0.8423077464103699,0.7743839025497437,0.721919059753418,0.677718997001648,0.6383445858955383,0.6160303354263306,0.6045660376548767,0.5909025073051453,0.5817367434501648,0.5846050977706909,0.5936758518218994,0.6069560647010803,0.6253055930137634,0.6422433853149414,0.6657498478889465,0.7035470008850098,0.7337404489517212,0.7550163269042969,0.7781447172164917,0.8074142336845398,0.8385196924209595,0.8638665080070496,0.8814601302146912,0.8937073945999146,0.9121612310409546,0.9305571913719177,0.942583441734314,0.9561519622802734,0.9632210731506348,0.9633511304855347,0.9646680951118469,0.9747169613838196,0.9877902269363403,0.9917382001876831,1.0074880123138428
