wind_JJA_night_native.json
{"header": {"parameterCategory": 2, "parameterUnit": "m/s", "nx": 220, "ny": 280, "lo1": 118.693, "la1": 26.2568353691, "lo2": 123.2203272787, "la2": 21.0494, "dx": 0.0206727273, "dy": 0.0186646429, "refTime": "2025-01-01 00:00:00", "forecastTime": 0, "parameterNumber": 2}, "data":
[rows 19 to 37 of 280, columns 0 to 42 of 220]
0.5106229782104492,0.47762447595596313,0.3834594488143921,0.49253031611442566,0.634139358997345,0.7930680513381958,0.9328269958496094,1.027909517288208,1.1458208560943604,1.2347145080566406,0.8296511769294739,-0.10769443213939667,-0.4530605673789978,0.0797494500875473,0.46140602231025696,0.2801368236541748,0.5264478921890259,0.4309532642364502,-0.07531021535396576,0.16688929498195648,0.9675381183624268,1.3428847789764404,0.9539886713027954,0.7088472843170166,1.0835262537002563,0.9804331064224243,0.2303014099597931,-0.14812147617340088,0.05341627821326256,0.6653165221214294,1.148683786392212,0.806914210319519,0.21467992663383484,-0.09115879982709885,-0.0751381367444992,0.13024850189685822,0.24162134528160095,0.11774729192256927,0.11964167654514313,0.37518858909606934,0.37240004539489746,0.1732037365436554,0.14796842634677887
0.16693031787872314,0.23469537496566772,0.27405789494514465,0.4616776704788208,0.6164234280586243,0.8318582773208618,1.0826925039291382,1.1661779880523682,1.1948398351669312,1.3083646297454834,1.256314992904663,0.4476832151412964,-0.18739058077335358,0.3868122100830078,0.9384703636169434,0.6601224541664124,0.6539229154586792,0.5857607126235962,-0.0031732874922454357,0.15067723393440247,0.799193263053894,1.2821786403656006,1.0707859992980957,0.4836936593055725,0.5699976682662964,0.6448907852172852,-0.012566007673740387,-0.17830534279346466,0.4123152792453766,0.8562225699424744,0.8665699362754822,0.42701882123947144,-0.10851534456014633,-0.3767690658569336,-0.1547553688287735,0.24822650849819183,0.036403074860572815,-0.3282412886619568,-0.006991571746766567,0.6906672120094299,0.685300350189209,0.2022300660610199,0.044853486120700836
-0.008120202459394932,0.10343719273805618,0.22635571658611298,0.46711212396621704,0.6404901146888733,0.8392689824104309,1.036969780921936,1.1456353664398193,1.1881495714187622,1.2490801811218262,1.2848117351531982,0.7633789777755737,0.22124207019805908,0.6250401735305786,1.1082019805908203,0.7987452149391174,0.5172633528709412,0.3353491425514221,-0.01361752487719059,0.18826265633106232,0.6157967448234558,0.9751701951026917,0.5182991027832031,-0.2369840294122696,0.29492735862731934,0.5894371867179871,-0.16719701886177063,-0.09057045727968216,0.8290032148361206,1.0912076234817505,0.7972029447555542,0.34201037883758545,-0.14080005884170532,-0.37992680072784424,0.017924020066857338,0.6036258339881897,0.07791618257761002,-0.5545315146446228,-0.06282038241624832,0.9523556232452393,1.2723634243011475,0.6863521337509155,0.16683734953403473
-0.18383419513702393,-0.06736303120851517,0.15633685886859894,0.468308687210083,0.6966754794120789,0.8991215229034424,1.0652555227279663,1.1693772077560425,1.1835483312606812,1.2756855487823486,1.380589485168457,1.0521208047866821,0.6771016716957092,0.883470892906189,0.9216240644454956,0.28840792179107666,-0.12452702224254608,-0.03689193353056908,0.07069961726665497,0.05082058534026146,0.20707927644252777,0.4718869924545288,-0.24011927843093872,-0.86049485206604,0.0029664586763828993,0.738906979560852,0.20257073640823364,0.16352641582489014,0.9976193904876709,1.19098961353302,0.5939636826515198,0.17334340512752533,-0.0020117766689509153,-0.23323363065719604,0.1796952486038208,0.7277660965919495,0.43769919872283936,0.07668493688106537,0.39266321063041687,1.025620698928833,1.1801848411560059,0.7190723419189453,0.23974885046482086
-0.18102924525737762,-0.06154001131653786,0.17312654852867126,0.48639580607414246,0.7058045864105225,0.8975889682769775,1.093961238861084,1.1948623657226562,1.2152105569839478,1.3839974403381348,1.367663860321045,1.1678669452667236,0.815844714641571,0.533498227596283,0.2588707208633423,-0.24318960309028625,-0.3414008915424347,0.13599422574043274,0.32653170824050903,-0.06389562785625458,-0.04463259130716324,-0.02934073843061924,-0.7434998750686646,-1.116554617881775,-0.5490081310272217,0.421527236700058,0.8352388143539429,0.8989851474761963,1.122556209564209,0.7338811159133911,-0.2559136748313904,-0.4382933974266052,0.0663650780916214,0.2682405114173889,0.4117951989173889,0.6734138131141663,0.912434458732605,1.0424184799194336,1.0329384803771973,1.0592200756072998,0.9442245364189148,0.38310056924819946,-0.16282355785369873
-0.11668194085359573,0.014776632189750671,0.2221055030822754,0.5113637447357178,0.7472085952758789,0.9114219546318054,0.9760531187057495,1.0342515707015991,1.0286766290664673,1.0448157787322998,1.0014256238937378,0.9077457189559937,0.1939811408519745,-0.26725849509239197,0.09118849039077759,0.034591130912303925,-0.12362997978925705,0.4014262557029724,0.5042151808738708,0.09261534363031387,0.02249152585864067,-0.14887955784797668,-0.6494337320327759,-1.0010710954666138,-0.7670734524726868,-0.07596243172883987,0.8328351974487305,1.4614017009735107,1.2884588241577148,0.34267762303352356,-0.7154451012611389,-0.8414978384971619,-0.19151145219802856,0.3528747260570526,0.4417315721511841,0.5326803922653198,0.9390820860862732,1.3783081769943237,1.3694894313812256,1.2066658735275269,0.9780274629592896,0.449463427066803,0.023806188255548477
0.154730424284935,0.2787671983242035,0.3350343108177185,0.5175281763076782,0.6887499690055847,0.7902172803878784,0.8250631093978882,0.7750201225280762,0.7003684639930725,0.4707867503166199,0.4087192714214325,0.5586397647857666,-0.06331758946180344,-0.5391377210617065,0.1048855185508728,0.6401063203811646,0.7017089128494263,0.5672978162765503,0.4797595143318176,0.5850734710693359,0.3159469664096832,-0.08876167982816696,-0.3446539640426636,-0.8296835422515869,-0.7752326726913452,-0.025173325091600418,0.8242179155349731,1.5285452604293823,1.3771679401397705,0.20095038414001465,-0.6669133901596069,-0.5057792663574219,-0.12065067887306213,0.18873080611228943,0.22187645733356476,0.11929051578044891,0.3384816646575928,0.9309900403022766,1.0607969760894775,0.8239721059799194,0.8052815794944763,0.6925759315490723,0.5239286422729492
0.24093793332576752,0.32579872012138367,0.3865511417388916,0.5241332650184631,0.6475329995155334,0.6961106657981873,0.6816688179969788,0.5595031380653381,0.38810789585113525,0.06812091171741486,-0.035243771970272064,0.3557986915111542,0.01413716934621334,-0.6429166793823242,-0.33246469497680664,0.5973734855651855,1.1458818912506104,0.7379533052444458,0.7173102498054504,1.1361967325210571,0.711542546749115,0.2560462951660156,0.1633346676826477,-0.3700422942638397,-0.5648471117019653,0.06380393356084824,0.8537608981132507,1.530776023864746,1.3685109615325928,0.08647574484348297,-0.383173406124115,-0.04001674801111221,0.07164508104324341,0.14448672533035278,0.047410883009433746,-0.29443487524986267,-0.28506943583488464,0.35136038064956665,0.7935636043548584,0.7881608009338379,0.9204299449920654,1.299290418624878,1.7160959243774414
0.3674708306789398,0.41235244274139404,0.4598657190799713,0.550322949886322,0.6036909818649292,0.6003545522689819,0.5321886539459229,0.3804093897342682,0.10753581672906876,-0.2857282757759094,-0.3137739896774292,0.3088224530220032,0.25052282214164734,-0.47289344668388367,-0.37252771854400635,0.7070391178131104,1.2836155891418457,1.171986699104309,1.238816499710083,1.1477431058883667,0.963312566280365,1.0769116878509521,0.9637182950973511,0.5318744778633118,0.12501800060272217,0.2334727942943573,0.9772570133209229,1.421887755393982,0.6668349504470825,-0.2886257469654083,0.023006120696663857,0.3926849365234375,0.18937164545059204,0.10589924454689026,-0.08281609416007996,-0.4341212809085846,-0.46004563570022583,0.1659015715122223,0.7402700185775757,0.6903371214866638,0.7358814477920532,1.3392678499221802,2.2882838249206543
0.5014464855194092,0.5147058963775635,0.4897945821285248,0.5321281552314758,0.5569881200790405,0.5309988260269165,0.4318429231643677,0.26266878843307495,-0.006645333021879196,-0.36296558380126953,-0.3786483407020569,0.10603081434965134,0.17506034672260284,-0.3048715591430664,-0.16185468435287476,0.7298862338066101,1.2519787549972534,1.606042742729187,1.5657845735549927,1.1093950271606445,1.1868538856506348,1.5607882738113403,1.5080053806304932,1.3519067764282227,0.9928116202354431,0.8009225130081177,1.4713449478149414,1.55304753780365,0.2809860408306122,-0.3665587902069092,0.23669816553592682,0.5606299638748169,0.4846802055835724,0.10494959354400635,-0.38474172353744507,-0.47046124935150146,-0.3382454514503479,0.22126656770706177,0.7591725587844849,0.7642104625701904,0.9493145942687988,1.5714683532714844,2.0746278762817383
0.6298808455467224,0.6089818477630615,0.5410199761390686,0.5632326602935791,0.5639142990112305,0.4859233498573303,0.3661806583404541,0.2374609261751175,0.09584519267082214,-0.17404769361019135,-0.2831989526748657,-0.022640686482191086,0.2579934895038605,0.17609550058841705,0.17867249250411987,0.6576006412506104,1.1461725234985352,1.5327610969543457,1.3901538848876953,1.1902482509613037,1.4809783697128296,1.6027321815490723,1.516467809677124,1.3111464977264404,1.043123722076416,1.110748291015625,1.6359424591064453,1.5957423448562622,0.4608059227466583,0.016969453543424606,0.36230090260505676,0.3283640146255493,0.2870679795742035,0.0028338502161204815,-0.3614322245121002,-0.22388781607151031,-0.05755624547600746,0.26913806796073914,0.6326361894607544,0.6325042843818665,0.7334587574005127,1.2495496273040771,1.6950119733810425
0.7366127967834473,0.6660861968994141,0.6063822507858276,0.585527777671814,0.539791464805603,0.45445507764816284,0.3574284315109253,0.26982811093330383,0.18374136090278625,-0.023310614749789238,-0.11574643850326538,0.07981310784816742,0.3937528133392334,0.471138596534729,0.42310160398483276,0.6506131887435913,0.8436494469642639,0.9673742055892944,1.011054515838623,0.9984269142150879,1.311445713043213,1.4457595348358154,1.31626296043396,1.2630281448364258,1.191967248916626,1.3392919301986694,1.5894551277160645,1.5377206802368164,0.7273903489112854,0.547637939453125,0.42832818627357483,0.25405174493789673,0.34914055466651917,0.10668282210826874,-0.4123460650444031,-0.38754802942276,-0.062244854867458344,0.3210449814796448,0.5378515124320984,0.4905422329902649,0.4767366051673889,0.7853379249572754,1.2685421705245972
0.7770317792892456,0.6712824106216431,0.6832244396209717,0.6264154314994812,0.558154284954071,0.5091601014137268,0.4241534471511841,0.3151623010635376,0.2514045238494873,0.08723258972167969,0.11282038688659668,0.3626846671104431,0.47097617387771606,0.3698536157608032,0.3751964271068573,0.4752233922481537,0.23689202964305878,0.18703067302703857,0.4502069056034088,0.6423417925834656,0.8950827121734619,1.0183463096618652,0.8084542751312256,0.6817106604576111,0.7984588146209717,0.9614061117172241,0.8648458123207092,0.8848780393600464,0.9049439430236816,1.0068618059158325,0.6249985694885254,0.49821314215660095,0.7422012090682983,0.5225181579589844,0.20386138558387756,0.22367534041404724,0.35595983266830444,0.45701855421066284,0.44465774297714233,0.5883300304412842,0.7474260926246643,0.9506359696388245,1.1565436124801636
0.8020002245903015,0.6651185154914856,0.7125431895256042,0.6629527807235718,0.5980942249298096,0.5680868029594421,0.5134449601173401,0.4073457717895508,0.3699106276035309,0.2825382351875305,0.3562237024307251,0.5605885982513428,0.4996510148048401,0.3077404499053955,0.3565604090690613,0.37612879276275635,0.05721709132194519,-0.08356595039367676,0.0590941347181797,0.3088845908641815,0.6569817066192627,0.9507315754890442,0.7669332027435303,0.3524096608161926,0.3776398003101349,0.5533391833305359,0.5014421939849854,0.6546913385391235,0.9521389603614807,0.8976489305496216,0.5597326159477234,0.6765293478965759,1.0376269817352295,0.8683986067771912,0.5952093005180359,0.5858712196350098,0.5514768362045288,0.4814392328262329,0.6861090064048767,1.0187748670578003,1.117089033126831,1.1601676940917969,1.388837218284607
0.7179406881332397,0.5848409533500671,0.7945901155471802,0.7885793447494507,0.7059411406517029,0.7123512625694275,0.6711469888687134,0.5263915657997131,0.4763091504573822,0.5850918292999268,0.6357147693634033,0.6254743933677673,0.43265849351882935,0.24654459953308105,0.2049243450164795,0.11758285760879517,0.03144317865371704,-0.004688277840614319,-0.1407758593559265,-0.12667381763458252,0.2512887120246887,1.0976226329803467,1.4639575481414795,0.8611705899238586,0.6906084418296814,0.9902257919311523,0.8826202154159546,0.6263397932052612,0.5216468572616577,0.5083099603652954,0.5575486421585083,0.6326326131820679,0.7346588969230652,0.9506944417953491,1.033827781677246,0.7064924240112305,0.5132584571838379,0.6966121196746826,0.949421763420105,1.0158839225769043,1.0998015403747559,1.2169538736343384,1.3008182048797607
0.710905134677887,0.5731208324432373,0.8853709101676941,0.8848495483398438,0.8310469388961792,0.8607051372528076,0.849779486656189,0.669714629650116,0.5954530239105225,0.7398573160171509,0.6986283659934998,0.568579912185669,0.43894994258880615,0.298335462808609,0.015404997393488884,-0.3448488116264343,-0.08488743007183075,0.2691512703895569,0.00014595966786146164,-0.1416817605495453,0.3225817084312439,1.1733641624450684,1.5700575113296509,0.8782823085784912,0.6166732311248779,1.5046918392181396,1.7223107814788818,0.8764948844909668,0.19637517631053925,0.2858933210372925,0.48635637760162354,0.39828771352767944,0.4077557623386383,0.8167424201965332,1.0112508535385132,0.8371762037277222,0.7412402033805847,0.786794126033783,0.8339990973472595,0.9632024765014648,1.138397216796875,1.2482249736785889,1.247092843055725
1.1629244089126587,1.1408966779708862,1.0853426456451416,1.0909968614578247,1.0268727540969849,1.0568652153015137,1.02956223487854,0.8829450607299805,0.7684113383293152,0.6925787329673767,0.5806120038032532,0.5110487937927246,0.5062529444694519,0.42613840103149414,0.08324170112609863,-0.5537159442901611,-0.41160711646080017,0.3217208981513977,0.5058945417404175,0.4413979947566986,0.5419648885726929,1.0501186847686768,1.4662206172943115,1.1031361818313599,0.8097777366638184,1.2978711128234863,1.4913195371627808,0.6981620192527771,0.07419462502002716,0.20752446353435516,0.3517542779445648,0.2609214782714844,0.34055426716804504,0.732597291469574,0.8538848161697388,0.7540737390518188,0.7453206777572632,0.6737614870071411,0.6349790096282959,0.8739331364631653,1.131418228149414,1.208390235900879,1.1160207986831665
1.185582160949707,1.1630560159683228,1.1781485080718994,1.2864720821380615,1.1747450828552246,1.0567973852157593,1.076908826828003,0.9727603197097778,0.7599769234657288,0.5566334128379822,0.4794110655784607,0.5595813393592834,0.5420185923576355,0.5025392770767212,0.2509267330169678,-0.40112462639808655,-0.5775445103645325,-0.04598534479737282,0.5578000545501709,0.8615108728408813,0.7638550400733948,0.8649743795394897,1.4278502464294434,1.461321473121643,0.9732499718666077,0.9672535061836243,1.1514480113983154,0.7713798880577087,0.2820087969303131,0.3071991801261902,0.40020138025283813,0.3087935149669647,0.36429452896118164,0.6424481272697449,0.79141765832901,0.7922360897064209,0.7841179370880127,0.7218575477600098,0.6577956676483154,0.9332872629165649,1.1325960159301758,1.1226732730865479,0.9534563422203064
1.0098013877868652,1.0078403949737549,1.1541575193405151,1.2817845344543457,1.2020951509475708,1.239501953125,1.2523363828659058,1.1431162357330322,0.875680685043335,0.3892747163772583,0.10101896524429321,0.2816370129585266,0.3260848820209503,0.38099074363708496,0.3861449956893921,0.021357763558626175,-0.16118593513965607,0.10309136658906937,0.6018139719963074,1.215535044670105,1.1170560121536255,0.778391420841217,1.1496021747589111,1.5594199895858765,1.0510854721069336,0.7462825775146484,1.1736502647399902,1.149383306503296,0.7497430443763733,0.5412350296974182,0.5605002045631409,0.43200480937957764,0.3934068977832794,0.6211569309234619,0.7981752753257751,0.9349104166030884,0.9278273582458496,0.8466676473617554,0.7175542712211609,0.9005817770957947,0.9213771820068359,0.7629651427268982,0.5916104912757874
