wind_DJF_night_native.json
{"header": {"parameterCategory": 2, "parameterUnit": "m/s", "nx": 220, "ny": 280, "lo1": 118.693, "la1": 26.2568353691, "lo2": 123.2203272787, "la2": 21.0494, "dx": 0.0206727273, "dy": 0.0186646429, "refTime": "2025-01-01 00:00:00", "forecastTime": 0, "parameterNumber": 3}, "data":
[rows 190 to 208 of 280, columns 86 to 128 of 220]
-1.5119948387145996,-1.245287537574768,-1.8036388158798218,-1.7149494886398315,-1.359955906867981,-1.183273196220398,-0.8960092067718506,-0.598346471786499,-0.462801456451416,-0.45408397912979126,-0.4171481728553772,0.08528928458690643,0.5499078631401062,0.7244555354118347,0.7644144296646118,0.11617597192525864,-0.18197622895240784,1.0555930137634277,2.194547414779663,1.5610966682434082,0.5406138896942139,-0.28904274106025696,-0.9072328209877014,-0.20290131866931915,0.40155863761901855,0.1888054460287094,-0.5935572385787964,-1.0435271263122559,-1.3239643573760986,-1.4763730764389038,-1.4024624824523926,-1.909919261932373,-2.096555709838867,-2.337682008743286,-3.192157745361328,-4.7129693031311035,-5.734171390533447,-6.3816046714782715,-6.876017093658447,-7.163933277130127,-7.363964080810547,-7.547159194946289,-7.65541410446167
-1.4310681819915771,-1.1940675973892212,-1.5283913612365723,-1.6275655031204224,-1.2496404647827148,-1.2960697412490845,-1.1485207080841064,-0.8390811085700989,-0.519828200340271,-0.10954172909259796,0.03024165891110897,-0.020723965018987656,-0.15275730192661285,0.10482241958379745,0.6915342807769775,1.2734888792037964,1.9802523851394653,2.885582447052002,2.9873554706573486,1.9350690841674805,0.18387435376644135,-1.1805531978607178,-1.4379849433898926,-0.9686547517776489,-0.24530772864818573,-0.3027315139770508,-0.8024011254310608,-1.1566669940948486,-1.1087963581085205,-1.3653548955917358,-1.0280051231384277,-1.9029626846313477,-2.352703094482422,-3.8001773357391357,-4.7813310623168945,-5.517935276031494,-6.154354572296143,-6.66854190826416,-7.054417610168457,-7.279879570007324,-7.462449073791504,-7.609789848327637,-7.693661212921143
-1.3062186241149902,-1.1622560024261475,-1.1818925142288208,-1.5857932567596436,-1.288031816482544,-1.5196176767349243,-1.4114869832992554,-1.0060285329818726,-0.3124997615814209,0.5694840550422668,0.8713850378990173,0.49026498198509216,-0.18065665662288666,-0.3304024338722229,0.004568054340779781,0.6209802031517029,1.4971556663513184,2.0929956436157227,1.8162837028503418,0.8887669444084167,-0.2711969316005707,-1.3149958848953247,-1.3456085920333862,-1.4392930269241333,-1.294007658958435,-1.0360966920852661,-0.6225603222846985,-0.33664360642433167,-0.31927913427352905,-0.7248536348342896,-0.9029122591018677,-2.8375847339630127,-3.80024790763855,-4.854219436645508,-5.468435764312744,-5.936258316040039,-6.461054801940918,-6.895767688751221,-7.1945905685424805,-7.382017135620117,-7.542234420776367,-7.657731533050537,-7.729648590087891
-1.1890437602996826,-1.1754931211471558,-1.071045160293579,-1.4991005659103394,-1.5167416334152222,-1.7486495971679688,-1.562979817390442,-1.1163678169250488,-0.4383423924446106,0.19713202118873596,0.6237167716026306,0.9379696249961853,0.5022475123405457,-0.0021292660385370255,-0.20616579055786133,0.0200860183686018,0.3082581162452698,0.15889228880405426,0.08417787402868271,-0.1604718118906021,-0.4017874002456665,-0.9076024293899536,-0.7774583697319031,-0.8364340662956238,-0.7975084781646729,-0.35489025712013245,-0.0753924772143364,-0.2018604427576065,-0.5647713541984558,-1.2611737251281738,-2.415131092071533,-4.058276176452637,-4.898285388946533,-5.4154438972473145,-5.78898811340332,-6.231272220611572,-6.707090854644775,-7.071754455566406,-7.3125,-7.474078178405762,-7.6019511222839355,-7.695627212524414,-7.751242160797119
-1.1531336307525635,-1.1949299573898315,-1.156855583190918,-1.3793079853057861,-1.6401818990707397,-1.8312755823135376,-1.5933705568313599,-1.1282799243927002,-0.7508344650268555,-0.5893617868423462,-0.3771910071372986,0.18289439380168915,0.5837782621383667,0.40343236923217773,0.9447906017303467,1.4484477043151855,0.7330158948898315,-0.4372570812702179,-0.6458558440208435,-0.3903878331184387,-0.14652590453624725,-0.23648753762245178,-0.10858449339866638,0.3139893412590027,0.2091476321220398,-0.18248148262500763,-0.578636646270752,-0.8687347769737244,-1.6532683372497559,-2.8642966747283936,-3.940030574798584,-4.872190475463867,-5.454623699188232,-5.718379497528076,-6.0466156005859375,-6.488461494445801,-6.907214641571045,-7.210529327392578,-7.41280460357666,-7.553643226623535,-7.654630184173584,-7.724708557128906,-7.761782169342041
-1.286958932876587,-1.2433788776397705,-1.2412419319152832,-1.5867037773132324,-1.4082963466644287,-1.869449257850647,-1.649259090423584,-0.8544628620147705,-0.7609871625900269,-0.6527057886123657,-0.6399516463279724,-0.5435009002685547,0.16055640578269958,0.7507498860359192,1.7541786432266235,1.9508540630340576,0.8216041326522827,-0.12932513654232025,-0.774511456489563,-0.8105120658874512,-0.5114571452140808,-0.09374234825372696,0.029002832248806953,0.04266978055238724,-0.49162015318870544,-0.9761537313461304,-1.1331415176391602,-1.0327993631362915,-2.696859359741211,-3.927652359008789,-4.7520551681518555,-5.326934814453125,-5.723138332366943,-5.953883647918701,-6.297942161560059,-6.7103776931762695,-7.072038173675537,-7.327311038970947,-7.501848220825195,-7.620146751403809,-7.700839996337891,-7.749671936035156,-7.774260997772217
-1.4001410007476807,-1.2561419010162354,-1.3746676445007324,-1.6737831830978394,-1.2019431591033936,-1.789998173713684,-1.7372642755508423,-0.7619427442550659,-0.3992006480693817,-0.057428691536188126,-0.2744411528110504,-0.7983142733573914,-0.3994968831539154,0.14530232548713684,0.4784655272960663,0.3687604069709778,0.16450902819633484,-0.198912113904953,-0.9441326260566711,-1.3215774297714233,-1.3399379253387451,-1.0896620750427246,-1.064776062965393,-1.2834062576293945,-1.3331432342529297,-1.0471696853637695,-0.8730257749557495,-0.9030534029006958,-3.3288016319274902,-4.5212321281433105,-5.172518730163574,-5.603300094604492,-5.914071083068848,-6.1773362159729,-6.529475688934326,-6.904339790344238,-7.215509414672852,-7.433235168457031,-7.5856475830078125,-7.677301406860352,-7.7384843826293945,-7.774367332458496,-7.787550926208496
-1.5997101068496704,-1.446067452430725,-1.4903374910354614,-1.7005627155303955,-1.3230018615722656,-1.308614730834961,-1.7093505859375,-0.9344437718391418,-0.42229413986206055,-0.4524628818035126,-0.7973986864089966,-1.182051420211792,-0.638950765132904,-0.5083329677581787,-0.6631745100021362,-0.9980785846710205,-0.35228317975997925,-0.42583945393562317,-0.7997600436210632,-1.2032686471939087,-1.4558789730072021,-1.5027744770050049,-1.4550228118896484,-1.2602781057357788,-0.7008219957351685,-0.3409954309463501,-0.5975762605667114,-1.1981323957443237,-3.869255542755127,-4.865136623382568,-5.4377121925354,-5.801103591918945,-6.091760158538818,-6.387893199920654,-6.735845565795898,-7.074350357055664,-7.341691970825195,-7.5290350914001465,-7.6571044921875,-7.72331428527832,-7.770063877105713,-7.794351577758789,-7.796535015106201
-1.7941076755523682,-1.6287208795547485,-1.5830663442611694,-1.6894919872283936,-1.3600002527236938,-0.8697373867034912,-1.4077153205871582,-0.9762713313102722,-0.8141504526138306,-1.3035027980804443,-1.4962106943130493,-1.0311685800552368,-0.10859948396682739,0.062163934111595154,-0.21958209574222565,-1.0269849300384521,-0.5158688426017761,-0.15913152694702148,-0.07380825281143188,-0.4001833200454712,-0.6288048624992371,-0.5750470161437988,-0.34004515409469604,-0.08475751429796219,0.00027824193239212036,-0.09373962134122849,-0.545421838760376,-2.1822938919067383,-4.327742576599121,-5.138402938842773,-5.643157958984375,-5.97251558303833,-6.272555828094482,-6.588285446166992,-6.9207868576049805,-7.224002361297607,-7.450908660888672,-7.609844207763672,-7.706656455993652,-7.754778861999512,-7.791814804077148,-7.809314250946045,-7.802311897277832
-1.8683037757873535,-1.687532901763916,-1.6879645586013794,-1.6784117221832275,-1.3187514543533325,-0.9271566271781921,-0.8842754364013672,-0.7868730425834656,-0.8538944721221924,-1.1749578714370728,-1.1653079986572266,-0.6623940467834473,-0.3046901822090149,-0.33512136340141296,-0.7610158920288086,-1.4101511240005493,-1.0312297344207764,-0.38779401779174805,-0.033779386430978775,-0.02451610378921032,0.07024302333593369,0.17735710740089417,0.13558807969093323,-0.3023190498352051,-0.7779386639595032,-0.9848250150680542,-1.3388274908065796,-3.24072003364563,-4.733346939086914,-5.398284912109375,-5.834537029266357,-6.151065826416016,-6.465374946594238,-6.784308910369873,-7.091355323791504,-7.354279041290283,-7.5409111976623535,-7.670622825622559,-7.740976333618164,-7.780633449554443,-7.808623313903809,-7.817684173583984,-7.798000812530518
-1.780670404434204,-1.6276785135269165,-1.8716374635696411,-1.7806757688522339,-1.2507047653198242,-1.0971195697784424,-0.7905083298683167,-0.7819257378578186,-0.8733170032501221,-0.7270581722259521,-0.7054198384284973,-0.8310204148292542,-1.1212433576583862,-1.5130064487457275,-1.9040333032608032,-1.8998554944992065,-1.3160895109176636,-0.9697700142860413,-0.7984582781791687,-0.7755176424980164,-0.8815251588821411,-0.9042212963104248,-0.9541732668876648,-1.3446850776672363,-1.4570437669754028,-1.6704645156860352,-2.889272928237915,-4.180676460266113,-5.119815349578857,-5.6405253410339355,-6.029013156890869,-6.343366622924805,-6.663038730621338,-6.967895984649658,-7.24325704574585,-7.462733268737793,-7.6159515380859375,-7.720123291015625,-7.777377605438232,-7.807145595550537,-7.822758674621582,-7.811997413635254,-7.777729511260986
-1.7295098304748535,-1.6204906702041626,-2.0378828048706055,-1.9667309522628784,-1.2774306535720825,-1.484134316444397,-1.2653350830078125,-1.1800198554992676,-0.8995341062545776,-0.2632187008857727,-0.04889845475554466,-0.20318292081356049,-0.5377935767173767,-1.1941380500793457,-1.7405353784561157,-1.4775785207748413,-0.5974719524383545,-0.40152692794799805,-0.4879184067249298,-0.686830461025238,-1.070664644241333,-1.3086483478546143,-1.2008811235427856,-0.7749752402305603,-0.5587738156318665,-1.459526538848877,-3.7444634437561035,-4.754376411437988,-5.428100109100342,-5.858495712280273,-6.22843074798584,-6.541976451873779,-6.852980136871338,-7.133625030517578,-7.375375270843506,-7.5605950355529785,-7.690659523010254,-7.7724504470825195,-7.8112897872924805,-7.827829360961914,-7.829598426818848,-7.7996296882629395,-7.7515482902526855
-1.9977662563323975,-1.8960620164871216,-2.1583428382873535,-2.1543331146240234,-1.5173125267028809,-1.7805044651031494,-1.6437815427780151,-1.5171979665756226,-1.0173442363739014,-0.3486843407154083,0.11562284827232361,0.3768838942050934,0.06326711922883987,-1.180023431777954,-2.2187368869781494,-2.0588715076446533,-0.853472113609314,-0.16359007358551025,-0.048882413655519485,0.17565545439720154,0.423822820186615,0.050777219235897064,-0.5653319954872131,-0.6271350383758545,-0.6200716495513916,-2.1453168392181396,-4.187508583068848,-5.101985931396484,-5.684709548950195,-6.069684028625488,-6.432115077972412,-6.7424798011779785,-7.0326385498046875,-7.284287452697754,-7.494965553283691,-7.655874252319336,-7.764883995056152,-7.819435119628906,-7.834893703460693,-7.841048717498779,-7.827828884124756,-7.788420677185059,-7.727565765380859
-2.050990343093872,-2.113121509552002,-2.2352185249328613,-2.2802906036376953,-1.8707869052886963,-2.0088884830474854,-1.9195261001586914,-1.7722156047821045,-1.3493720293045044,-1.1371972560882568,-0.9429486989974976,-0.8000607490539551,-1.2549855709075928,-1.9613194465637207,-2.162226438522339,-2.3642005920410156,-2.3567423820495605,-2.099916696548462,-1.6619737148284912,-0.7835770845413208,-0.26215285062789917,-0.5307269096374512,-1.1514701843261719,-1.6046159267425537,-1.8783015012741089,-3.6313421726226807,-4.716205596923828,-5.402733325958252,-5.921947479248047,-6.280245780944824,-6.634863376617432,-6.9355878829956055,-7.20033073425293,-7.422120094299316,-7.605159282684326,-7.741297721862793,-7.822480201721191,-7.851698398590088,-7.856272220611572,-7.854175567626953,-7.819852352142334,-7.767114639282227,-7.693522930145264
-1.8217343091964722,-2.229149103164673,-2.3391475677490234,-2.235260248184204,-2.076620578765869,-2.125833034515381,-1.950265645980835,-1.812074065208435,-1.6290162801742554,-1.7081611156463623,-1.8652616739273071,-2.2360713481903076,-2.3736464977264404,-1.4013104438781738,-0.39201951026916504,-0.3555852472782135,-0.992050051689148,-1.6643264293670654,-1.937826156616211,-1.807554006576538,-1.7170733213424683,-1.4385325908660889,-1.0959690809249878,-1.2228970527648926,-2.4039840698242188,-4.651932239532471,-5.22716760635376,-5.708188533782959,-6.156129837036133,-6.4920268058776855,-6.832493305206299,-7.113018035888672,-7.353465557098389,-7.548757076263428,-7.703719139099121,-7.809886932373047,-7.863407135009766,-7.877306938171387,-7.877420902252197,-7.863540172576904,-7.814291954040527,-7.739805698394775,-7.647477149963379
-1.7687134742736816,-2.3774824142456055,-2.334228038787842,-2.365985870361328,-2.209404945373535,-2.167564868927002,-1.8907766342163086,-1.7850902080535889,-1.7736115455627441,-1.6473264694213867,-1.2558571100234985,-1.2474074363708496,-1.2392497062683105,-0.7228096127510071,-0.5004028677940369,0.09821081906557083,1.121073603630066,1.329046607017517,0.7842990159988403,0.007951282896101475,-0.265774130821228,0.03440220281481743,0.17591774463653564,-0.241445392370224,-2.7423739433288574,-5.058957099914551,-5.586833953857422,-6.000988960266113,-6.389870643615723,-6.702653884887695,-7.018759250640869,-7.274174213409424,-7.492297172546387,-7.659943580627441,-7.784343242645264,-7.862349033355713,-7.895822048187256,-7.902657508850098,-7.8935675621032715,-7.860240459442139,-7.803408145904541,-7.707458972930908,-7.609842777252197
-2.602726936340332,-3.226196765899658,-2.2996468544006348,-2.417593002319336,-2.300920009613037,-2.2319040298461914,-1.964284896850586,-1.855217695236206,-1.4684170484542847,-0.6125516891479492,0.41643235087394714,0.8959156274795532,0.4392211139202118,-0.492431104183197,-1.1379749774932861,-0.7873744964599609,0.27676665782928467,0.9629372358322144,1.1062638759613037,0.8457132577896118,0.6523677706718445,0.3699406683444977,-0.20719416439533234,-0.9481448531150818,-3.609684467315674,-5.3346757888793945,-5.859450817108154,-6.275944709777832,-6.616604804992676,-6.91046142578125,-7.195486068725586,-7.420963287353516,-7.6123151779174805,-7.750868797302246,-7.848574638366699,-7.898553848266602,-7.912962436676025,-7.914606094360352,-7.893677711486816,-7.840032577514648,-7.7650957107543945,-7.663515090942383,-7.581252098083496
-3.2083888053894043,-3.6331610679626465,-3.1660592555999756,-2.58363676071167,-2.469583511352539,-2.3828563690185547,-2.183798313140869,-1.9931025505065918,-1.2259223461151123,-0.49801111221313477,-0.2552828788757324,-0.33631598949432373,-0.4796159267425537,-0.5624253153800964,-0.6167110204696655,-0.9021694660186768,-1.4088537693023682,-1.6745712757110596,-1.567295789718628,-1.3301063776016235,-1.1685254573822021,-1.369624376296997,-1.5556256771087646,-2.2747697830200195,-4.745540618896484,-5.722900390625,-6.131392478942871,-6.538605213165283,-6.836407661437988,-7.114124298095703,-7.362547397613525,-7.5589680671691895,-7.717586517333984,-7.824019432067871,-7.891871452331543,-7.915870666503906,-7.915135383605957,-7.908322334289551,-7.871717929840088,-7.798902988433838,-7.709470272064209,-7.617326736450195,-7.544330596923828
-3.439016580581665,-3.77048659324646,-3.647996187210083,-3.4438538551330566,-3.3299624919891357,-2.6574108600616455,-2.3580973148345947,-2.047607421875,-1.426281452178955,-1.226961374282837,-1.3636969327926636,-1.3330827951431274,-0.54331374168396,-0.18838495016098022,-0.5726585388183594,-1.5008198022842407,-2.472724676132202,-2.9068338871002197,-2.936189651489258,-2.839498519897461,-2.667111396789551,-2.4445581436157227,-2.325333595275879,-3.19244384765625,-5.56468391418457,-6.098749160766602,-6.418521404266357,-6.787137508392334,-7.0496602058410645,-7.3054704666137695,-7.5161638259887695,-7.686823844909668,-7.813251972198486,-7.886602878570557,-7.9235100746154785,-7.929877758026123,-7.920912742614746,-7.8929595947265625,-7.829776763916016,-7.744639873504639,-7.652015686035156,-7.570047855377197,-7.49488639831543
