wind_DJF_day_native.json
{"header": {"parameterCategory": 2, "parameterUnit": "m/s", "nx": 220, "ny": 280, "lo1": 118.693, "la1": 26.2568353691, "lo2": 123.2203272787, "la2": 21.0494, "dx": 0.0206727273, "dy": 0.0186646429, "refTime": "2025-01-01 00:00:00", "forecastTime": 0, "parameterNumber": 3}, "data":
[rows 57 to 75 of 280, columns 43 to 85 of 220]
-8.79267406463623,-8.99113655090332,-9.036115646362305,-9.119117736816406,-9.317276000976562,-9.544541358947754,-9.75149917602539,-9.879938125610352,-10.020275115966797,-10.073308944702148,-10.13706111907959,-10.162313461303711,-10.173911094665527,-10.170353889465332,-10.16165542602539,-10.155692100524902,-10.142005920410156,-10.122252464294434,-10.097395896911621,-10.063362121582031,-10.026679992675781,-9.989728927612305,-9.95184326171875,-9.912288665771484,-9.872945785522461,-9.825010299682617,-9.778067588806152,-9.733574867248535,-9.688058853149414,-9.644888877868652,-9.604999542236328,-9.568243026733398,-9.53005313873291,-9.493589401245117,-9.460639953613281,-9.42586898803711,-9.382144927978516,-9.335817337036133,-9.28955078125,-9.240300178527832,-9.192133903503418,-9.146369934082031,-9.099922180175781
-8.951815605163574,-9.091111183166504,-9.140161514282227,-9.253876686096191,-9.444877624511719,-9.643324851989746,-9.818830490112305,-9.942033767700195,-10.060935020446777,-10.112188339233398,-10.167479515075684,-10.187051773071289,-10.196786880493164,-10.194513320922852,-10.189953804016113,-10.184741973876953,-10.170156478881836,-10.150444984436035,-10.125736236572266,-10.092663764953613,-10.058208465576172,-10.023303985595703,-9.986019134521484,-9.947856903076172,-9.906217575073242,-9.857209205627441,-9.8109130859375,-9.767290115356445,-9.724348068237305,-9.684940338134766,-9.647494316101074,-9.610374450683594,-9.570992469787598,-9.534279823303223,-9.500018119812012,-9.4622802734375,-9.416897773742676,-9.370580673217773,-9.324119567871094,-9.273931503295898,-9.228166580200195,-9.18289566040039,-9.138167381286621
-9.098968505859375,-9.196100234985352,-9.257209777832031,-9.382387161254883,-9.55896282196045,-9.731971740722656,-9.882725715637207,-9.996150970458984,-10.09829044342041,-10.147087097167969,-10.194313049316406,-10.209956169128418,-10.21871566772461,-10.2184476852417,-10.217168807983398,-10.21072769165039,-10.195175170898438,-10.176375389099121,-10.15211296081543,-10.119844436645508,-10.088106155395508,-10.054028511047363,-10.018924713134766,-9.981189727783203,-9.93752384185791,-9.890558242797852,-9.846572875976562,-9.804869651794434,-9.764876365661621,-9.727951049804688,-9.691588401794434,-9.653392791748047,-9.612838745117188,-9.575058937072754,-9.53780460357666,-9.49677848815918,-9.451254844665527,-9.406736373901367,-9.360254287719727,-9.3104248046875,-9.267147064208984,-9.221527099609375,-9.177057266235352
-9.238779067993164,-9.298699378967285,-9.376592636108398,-9.502786636352539,-9.66147232055664,-9.811463356018066,-9.94302749633789,-10.045345306396484,-10.131897926330566,-10.177777290344238,-10.219573974609375,-10.233378410339355,-10.242166519165039,-10.243818283081055,-10.243547439575195,-10.235340118408203,-10.21969223022461,-10.200374603271484,-10.174724578857422,-10.143936157226562,-10.115434646606445,-10.082475662231445,-10.049842834472656,-10.011404991149902,-9.96786117553711,-9.924722671508789,-9.88454818725586,-9.844465255737305,-9.80670166015625,-9.769972801208496,-9.733614921569824,-9.695590019226074,-9.655856132507324,-9.616329193115234,-9.575296401977539,-9.532395362854004,-9.488565444946289,-9.446090698242188,-9.398114204406738,-9.350887298583984,-9.308597564697266,-9.263240814208984,-9.219000816345215
-9.367467880249023,-9.402466773986816,-9.492654800415039,-9.614005088806152,-9.755182266235352,-9.884485244750977,-9.999972343444824,-10.091399192810059,-10.164338111877441,-10.207144737243652,-10.245305061340332,-10.258743286132812,-10.267938613891602,-10.27043342590332,-10.269149780273438,-10.260336875915527,-10.244335174560547,-10.222824096679688,-10.196197509765625,-10.167804718017578,-10.142036437988281,-10.110618591308594,-10.078964233398438,-10.040040016174316,-9.9991455078125,-9.960129737854004,-9.923128128051758,-9.883316040039062,-9.8466796875,-9.809028625488281,-9.77309513092041,-9.73673152923584,-9.699197769165039,-9.658796310424805,-9.615009307861328,-9.570273399353027,-9.528091430664062,-9.485607147216797,-9.437060356140137,-9.393912315368652,-9.351472854614258,-9.307170867919922,-9.26253890991211
-9.475735664367676,-9.505979537963867,-9.602886199951172,-9.714986801147461,-9.841609954833984,-9.95346450805664,-10.054790496826172,-10.135225296020508,-10.197307586669922,-10.236385345458984,-10.269851684570312,-10.283650398254395,-10.29391098022461,-10.296207427978516,-10.294489860534668,-10.28581714630127,-10.268552780151367,-10.24577522277832,-10.21994400024414,-10.194211959838867,-10.169679641723633,-10.13939094543457,-10.107189178466797,-10.068750381469727,-10.031477928161621,-9.996163368225098,-9.960351943969727,-9.920753479003906,-9.884492874145508,-9.846780776977539,-9.812480926513672,-9.778132438659668,-9.742134094238281,-9.700979232788086,-9.656819343566895,-9.610544204711914,-9.567378997802734,-9.522483825683594,-9.4764404296875,-9.437530517578125,-9.39477825164795,-9.351510047912598,-9.306903839111328
-9.567551612854004,-9.604969024658203,-9.703709602355957,-9.805957794189453,-9.921079635620117,-10.019224166870117,-10.10770034790039,-10.177249908447266,-10.230605125427246,-10.264662742614746,-10.292617797851562,-10.306851387023926,-10.318018913269043,-10.32098388671875,-10.319828033447266,-10.31039047241211,-10.292905807495117,-10.270427703857422,-10.24606990814209,-10.222875595092773,-10.198190689086914,-10.167635917663574,-10.13494873046875,-10.098397254943848,-10.064048767089844,-10.031731605529785,-9.995981216430664,-9.958271026611328,-9.922137260437012,-9.8851318359375,-9.85229206085205,-9.819463729858398,-9.78415584564209,-9.742634773254395,-9.698430061340332,-9.650921821594238,-9.605607986450195,-9.559487342834473,-9.518180847167969,-9.481093406677246,-9.437812805175781,-9.396090507507324,-9.352056503295898
-9.649500846862793,-9.697190284729004,-9.79434871673584,-9.888683319091797,-9.993690490722656,-10.080591201782227,-10.157958030700684,-10.21800708770752,-10.263307571411133,-10.292146682739258,-10.316205024719238,-10.330323219299316,-10.341592788696289,-10.345372200012207,-10.343446731567383,-10.333486557006836,-10.317656517028809,-10.296295166015625,-10.273151397705078,-10.251083374023438,-10.225513458251953,-10.194522857666016,-10.162718772888184,-10.128772735595703,-10.097206115722656,-10.06659984588623,-10.031288146972656,-9.996664047241211,-9.961607933044434,-9.925249099731445,-9.892668724060059,-9.860031127929688,-9.824130058288574,-9.783262252807617,-9.738263130187988,-9.690506935119629,-9.645301818847656,-9.600736618041992,-9.562385559082031,-9.52428150177002,-9.481241226196289,-9.44076156616211,-9.396488189697266
-9.724549293518066,-9.781723022460938,-9.876201629638672,-9.96500015258789,-10.059799194335938,-10.136363983154297,-10.205391883850098,-10.25706672668457,-10.294471740722656,-10.319009780883789,-10.340860366821289,-10.354775428771973,-10.365880966186523,-10.369020462036133,-10.365354537963867,-10.355783462524414,-10.341559410095215,-10.321714401245117,-10.29973316192627,-10.277563095092773,-10.251043319702148,-10.221213340759277,-10.191083908081055,-10.159393310546875,-10.131157875061035,-10.10145378112793,-10.067610740661621,-10.035385131835938,-10.002702713012695,-9.967585563659668,-9.934803009033203,-9.899982452392578,-9.861602783203125,-9.821123123168945,-9.775888442993164,-9.730916023254395,-9.68819808959961,-9.645733833312988,-9.607500076293945,-9.568703651428223,-9.52718734741211,-9.486324310302734,-9.441256523132324
-9.79442024230957,-9.858920097351074,-9.950965881347656,-10.03503131866455,-10.11952018737793,-10.187971115112305,-10.250408172607422,-10.29429817199707,-10.32442569732666,-10.34589672088623,-10.3661527633667,-10.379328727722168,-10.389830589294434,-10.39156723022461,-10.386465072631836,-10.377656936645508,-10.36421012878418,-10.345434188842773,-10.325234413146973,-10.302828788757324,-10.275566101074219,-10.248573303222656,-10.220056533813477,-10.191019058227539,-10.165769577026367,-10.136845588684082,-10.10458755493164,-10.073987007141113,-10.043654441833496,-10.010013580322266,-9.977226257324219,-9.93946361541748,-9.8981351852417,-9.856802940368652,-9.813228607177734,-9.773283958435059,-9.732625961303711,-9.692054748535156,-9.653837203979492,-9.615462303161621,-9.575630187988281,-9.53348445892334,-9.488043785095215
-9.861156463623047,-9.930743217468262,-10.019737243652344,-10.09798526763916,-10.173809051513672,-10.236177444458008,-10.292218208312988,-10.329143524169922,-10.353882789611816,-10.37370491027832,-10.392143249511719,-10.404212951660156,-10.413382530212402,-10.412900924682617,-10.407896041870117,-10.399675369262695,-10.385866165161133,-10.3677396774292,-10.349884033203125,-10.327168464660645,-10.300202369689941,-10.275327682495117,-10.249231338500977,-10.224377632141113,-10.20045280456543,-10.17170524597168,-10.141283988952637,-10.11239242553711,-10.083194732666016,-10.05106258392334,-10.01824951171875,-9.978151321411133,-9.935569763183594,-9.893845558166504,-9.853026390075684,-9.816845893859863,-9.777691841125488,-9.739274978637695,-9.702098846435547,-9.663861274719238,-9.624975204467773,-9.581975936889648,-9.537246704101562
-9.9263916015625,-9.999323844909668,-10.083481788635254,-10.155210494995117,-10.223904609680176,-10.280563354492188,-10.329497337341309,-10.360508918762207,-10.38301944732666,-10.401845932006836,-10.418333053588867,-10.429577827453613,-10.435739517211914,-10.433470726013184,-10.430424690246582,-10.4225435256958,-10.407540321350098,-10.39024543762207,-10.37397575378418,-10.351081848144531,-10.326497077941895,-10.302452087402344,-10.280085563659668,-10.258829116821289,-10.23476791381836,-10.205723762512207,-10.17781925201416,-10.151084899902344,-10.12204647064209,-10.0908203125,-10.057014465332031,-10.016040802001953,-9.974774360656738,-9.934083938598633,-9.895781517028809,-9.860298156738281,-9.823441505432129,-9.7874116897583,-9.751219749450684,-9.713325500488281,-9.674988746643066,-9.632338523864746,-9.5892915725708
-9.990214347839355,-10.064945220947266,-10.143367767333984,-10.20909309387207,-10.2704439163208,-10.320921897888184,-10.362735748291016,-10.389320373535156,-10.41156005859375,-10.429584503173828,-10.444731712341309,-10.453944206237793,-10.456058502197266,-10.45417594909668,-10.453263282775879,-10.445280075073242,-10.429922103881836,-10.41403579711914,-10.397333145141602,-10.375856399536133,-10.354480743408203,-10.331910133361816,-10.313209533691406,-10.292851448059082,-10.26793098449707,-10.239728927612305,-10.215150833129883,-10.18954849243164,-10.159873008728027,-10.128677368164062,-10.093751907348633,-10.05429458618164,-10.015419006347656,-9.976637840270996,-9.939802169799805,-9.903949737548828,-9.869392395019531,-9.835479736328125,-9.799692153930664,-9.763283729553223,-9.72620677947998,-9.685447692871094,-9.643844604492188
-10.051521301269531,-10.126039505004883,-10.199106216430664,-10.259390830993652,-10.313329696655273,-10.357649803161621,-10.393845558166504,-10.417803764343262,-10.439613342285156,-10.456899642944336,-10.470239639282227,-10.476143836975098,-10.476007461547852,-10.475625991821289,-10.474985122680664,-10.466039657592773,-10.452417373657227,-10.43799877166748,-10.41990852355957,-10.40090274810791,-10.382316589355469,-10.362630844116211,-10.345553398132324,-10.324382781982422,-10.299097061157227,-10.273910522460938,-10.251683235168457,-10.225520133972168,-10.195610046386719,-10.164791107177734,-10.130815505981445,-10.094439506530762,-10.057149887084961,-10.020502090454102,-9.9847993850708,-9.949400901794434,-9.916033744812012,-9.883776664733887,-9.848952293395996,-9.814915657043457,-9.779632568359375,-9.740900039672852,-9.699325561523438
-10.109040260314941,-10.18128490447998,-10.249496459960938,-10.30496597290039,-10.352843284606934,-10.392590522766113,-10.424549102783203,-10.447351455688477,-10.467657089233398,-10.483257293701172,-10.494575500488281,-10.49781608581543,-10.497603416442871,-10.498422622680664,-10.495708465576172,-10.485662460327148,-10.47492790222168,-10.461341857910156,-10.443267822265625,-10.42595386505127,-10.409128189086914,-10.393080711364746,-10.376420974731445,-10.354165077209473,-10.329846382141113,-10.308134078979492,-10.28567123413086,-10.259408950805664,-10.230587005615234,-10.200657844543457,-10.169772148132324,-10.136348724365234,-10.100197792053223,-10.065652847290039,-10.031763076782227,-9.997773170471191,-9.965356826782227,-9.934374809265137,-9.90108585357666,-9.869619369506836,-9.835351943969727,-9.797560691833496,-9.755118370056152
-10.163004875183105,-10.232390403747559,-10.295713424682617,-10.347163200378418,-10.391579627990723,-10.427470207214355,-10.455700874328613,-10.477350234985352,-10.495309829711914,-10.509333610534668,-10.519075393676758,-10.520992279052734,-10.52206039428711,-10.52253532409668,-10.516496658325195,-10.506077766418457,-10.497506141662598,-10.484502792358398,-10.46826171875,-10.451709747314453,-10.436491012573242,-10.42324161529541,-10.406737327575684,-10.384350776672363,-10.36192512512207,-10.342257499694824,-10.319351196289062,-10.294191360473633,-10.266843795776367,-10.237642288208008,-10.209732055664062,-10.178462028503418,-10.14453411102295,-10.111587524414062,-10.079718589782715,-10.048194885253906,-10.017594337463379,-9.987730026245117,-9.956037521362305,-9.925700187683105,-9.891157150268555,-9.85400104522705,-9.811772346496582
-10.215036392211914,-10.280831336975098,-10.339400291442871,-10.388079643249512,-10.42967414855957,-10.46118450164795,-10.486780166625977,-10.50666618347168,-10.523366928100586,-10.536582946777344,-10.544044494628906,-10.546060562133789,-10.549338340759277,-10.547649383544922,-10.538565635681152,-10.52838134765625,-10.520565032958984,-10.508413314819336,-10.493886947631836,-10.47812557220459,-10.464974403381348,-10.452240943908691,-10.435685157775879,-10.414977073669434,-10.395709991455078,-10.37691879272461,-10.354656219482422,-10.33049201965332,-10.304017066955566,-10.27647590637207,-10.25015640258789,-10.22026252746582,-10.189172744750977,-10.157309532165527,-10.12725830078125,-10.098666191101074,-10.070837020874023,-10.042329788208008,-10.01229476928711,-9.981005668640137,-9.945878028869629,-9.909719467163086,-9.869074821472168
-10.264883041381836,-10.326244354248047,-10.380443572998047,-10.426499366760254,-10.464404106140137,-10.492286682128906,-10.516127586364746,-10.535400390625,-10.553001403808594,-10.564937591552734,-10.56914234161377,-10.571785926818848,-10.575562477111816,-10.571366310119629,-10.5613374710083,-10.552430152893066,-10.544476509094238,-10.53256607055664,-10.518913269042969,-10.505155563354492,-10.493112564086914,-10.478744506835938,-10.462769508361816,-10.445272445678711,-10.429926872253418,-10.411369323730469,-10.389999389648438,-10.366911888122559,-10.341887474060059,-10.317550659179688,-10.291749000549316,-10.26237964630127,-10.232845306396484,-10.201732635498047,-10.17477798461914,-10.149054527282715,-10.12363338470459,-10.095399856567383,-10.066454887390137,-10.03452205657959,-10.000243186950684,-9.964736938476562,-9.925847053527832
-10.311341285705566,-10.368330955505371,-10.418030738830566,-10.46114730834961,-10.495857238769531,-10.522226333618164,-10.544933319091797,-10.56454849243164,-10.582769393920898,-10.591873168945312,-10.593575477600098,-10.596725463867188,-10.598526000976562,-10.592333793640137,-10.583858489990234,-10.576523780822754,-10.567681312561035,-10.555776596069336,-10.543647766113281,-10.532307624816895,-10.520050048828125,-10.504082679748535,-10.489314079284668,-10.475785255432129,-10.463932037353516,-10.445866584777832,-10.425291061401367,-10.403447151184082,-10.380364418029785,-10.358831405639648,-10.332998275756836,-10.303518295288086,-10.274526596069336,-10.2460355758667,-10.222912788391113,-10.19951343536377,-10.173888206481934,-10.145042419433594,-10.117229461669922,-10.086952209472656,-10.054206848144531,-10.018571853637695,-9.981740951538086
