wind_JJA_night_native.json
{"header": {"parameterCategory": 2, "parameterUnit": "m/s", "nx": 220, "ny": 280, "lo1": 118.693, "la1": 26.2568353691, "lo2": 123.2203272787, "la2": 21.0494, "dx": 0.0206727273, "dy": 0.0186646429, "refTime": "2025-01-01 00:00:00", "forecastTime": 0, "parameterNumber": 3}, "data":
[rows 247 to 265 of 280, columns 0 to 42 of 220]
3.8903727531433105,3.887828826904297,3.8842978477478027,3.880593776702881,3.877450704574585,3.874721050262451,3.8729312419891357,3.8707661628723145,3.8657350540161133,3.853720188140869,3.8493590354919434,3.8434267044067383,3.8436028957366943,3.8464653491973877,3.8435609340667725,3.827467441558838,3.811643362045288,3.8014423847198486,3.7974307537078857,3.790865182876587,3.775297164916992,3.761573314666748,3.750596761703491,3.7423059940338135,3.7394967079162598,3.734825849533081,3.7277820110321045,3.71000337600708,3.695819616317749,3.686211585998535,3.674685001373291,3.6704039573669434,3.6675610542297363,3.6584675312042236,3.65109920501709,3.6499040126800537,3.6507019996643066,3.635542869567871,3.6274499893188477,3.6274139881134033,3.617192506790161,3.596078872680664,3.5770022869110107
3.890705108642578,3.8880693912506104,3.884660482406616,3.880622625350952,3.876680850982666,3.8734543323516846,3.871255874633789,3.8691983222961426,3.8643901348114014,3.8542966842651367,3.8533687591552734,3.8535587787628174,3.8511979579925537,3.847008228302002,3.8428292274475098,3.830838680267334,3.8124942779541016,3.795694589614868,3.786837577819824,3.78208327293396,3.771481990814209,3.7573082447052,3.744535446166992,3.740360736846924,3.742278814315796,3.7372801303863525,3.7283012866973877,3.71524977684021,3.7061052322387695,3.699725866317749,3.6908838748931885,3.6828391551971436,3.6671624183654785,3.6575403213500977,3.654960870742798,3.653599262237549,3.6466245651245117,3.633732795715332,3.6211729049682617,3.615408420562744,3.6122889518737793,3.6025044918060303,3.585273027420044
3.8899528980255127,3.8853719234466553,3.8810770511627197,3.8762905597686768,3.871866464614868,3.8685128688812256,3.8664965629577637,3.866461753845215,3.8670125007629395,3.8641135692596436,3.864047050476074,3.8579723834991455,3.856180191040039,3.8470406532287598,3.833487033843994,3.823474884033203,3.814592123031616,3.7976691722869873,3.7842485904693604,3.7783331871032715,3.7726681232452393,3.7615013122558594,3.7481560707092285,3.7440884113311768,3.742748737335205,3.738399028778076,3.730079174041748,3.721015453338623,3.7123520374298096,3.7033233642578125,3.6977932453155518,3.68742299079895,3.6675963401794434,3.6590800285339355,3.6609747409820557,3.656630516052246,3.6440834999084473,3.6344292163848877,3.620150089263916,3.6093266010284424,3.608085870742798,3.607832908630371,3.5949363708496094
3.8892829418182373,3.882749319076538,3.8775105476379395,3.872396469116211,3.868347406387329,3.8652560710906982,3.864157199859619,3.865767002105713,3.871633529663086,3.8704817295074463,3.862694263458252,3.854188919067383,3.8540854454040527,3.846336603164673,3.829981803894043,3.8150768280029297,3.8072824478149414,3.7981879711151123,3.788806438446045,3.778804063796997,3.771528959274292,3.7645375728607178,3.756146192550659,3.7514491081237793,3.744135856628418,3.738218307495117,3.7352468967437744,3.7278335094451904,3.717116355895996,3.708627700805664,3.7021431922912598,3.6891729831695557,3.6764144897460938,3.6705775260925293,3.6670899391174316,3.6598381996154785,3.6481571197509766,3.6394808292388916,3.6261165142059326,3.6120996475219727,3.6064562797546387,3.60079026222229,3.58725643157959
3.888840436935425,3.8820817470550537,3.8767459392547607,3.8720431327819824,3.8682827949523926,3.865805149078369,3.8650732040405273,3.8653976917266846,3.8684370517730713,3.8637404441833496,3.850900173187256,3.8476078510284424,3.8444924354553223,3.8362491130828857,3.827047109603882,3.813835859298706,3.800687789916992,3.796782970428467,3.795065402984619,3.7861430644989014,3.773247241973877,3.7640695571899414,3.7605018615722656,3.7563538551330566,3.748943328857422,3.7411386966705322,3.7396042346954346,3.733110189437866,3.7219555377960205,3.719454288482666,3.714383363723755,3.702579975128174,3.699718713760376,3.69165301322937,3.6764113903045654,3.6638436317443848,3.6540422439575195,3.644111394882202,3.6311817169189453,3.620046615600586,3.60980224609375,3.5926780700683594,3.5736875534057617
3.889347791671753,3.8840103149414062,3.8791592121124268,3.874691963195801,3.870767593383789,3.8684864044189453,3.8675761222839355,3.866499662399292,3.863518476486206,3.855886459350586,3.845296859741211,3.845297336578369,3.8382580280303955,3.830155849456787,3.825523614883423,3.822050094604492,3.811861515045166,3.8052592277526855,3.8010618686676025,3.796755313873291,3.7831828594207764,3.7676877975463867,3.7617087364196777,3.7606561183929443,3.758258819580078,3.7511584758758545,3.7452964782714844,3.7427961826324463,3.740619659423828,3.7339682579040527,3.728262186050415,3.722404956817627,3.721595525741577,3.712536334991455,3.695122480392456,3.677280902862549,3.662809371948242,3.6510705947875977,3.639624834060669,3.6271235942840576,3.616910219192505,3.5995171070098877,3.578141689300537
3.8895955085754395,3.8852083683013916,3.8804526329040527,3.8757669925689697,3.8721022605895996,3.8697729110717773,3.8701765537261963,3.871079683303833,3.8679251670837402,3.8579561710357666,3.8504557609558105,3.844684600830078,3.839203119277954,3.8363471031188965,3.8316962718963623,3.8300271034240723,3.826777935028076,3.8185055255889893,3.810962200164795,3.802983522415161,3.7913060188293457,3.7790937423706055,3.771660804748535,3.7668888568878174,3.76662015914917,3.7664990425109863,3.7579636573791504,3.7576255798339844,3.760035514831543,3.751431465148926,3.7404696941375732,3.734842300415039,3.7276506423950195,3.7217657566070557,3.7115371227264404,3.6974546909332275,3.6784725189208984,3.663424253463745,3.6522278785705566,3.633298635482788,3.6208667755126953,3.6139659881591797,3.5987682342529297
3.8884332180023193,3.883077383041382,3.877324104309082,3.872694253921509,3.869356155395508,3.8678808212280273,3.870574951171875,3.875025749206543,3.877115249633789,3.8672664165496826,3.8600618839263916,3.8495354652404785,3.841881275177002,3.8420350551605225,3.8413431644439697,3.834141969680786,3.831984758377075,3.823683023452759,3.81742262840271,3.8047046661376953,3.7947356700897217,3.788862705230713,3.782374143600464,3.77417254447937,3.7705702781677246,3.76965594291687,3.7653818130493164,3.767413854598999,3.768594741821289,3.7647998332977295,3.750901222229004,3.7428431510925293,3.735379695892334,3.7281174659729004,3.718963146209717,3.707371234893799,3.689362049102783,3.6738438606262207,3.6599135398864746,3.6431057453155518,3.6298718452453613,3.62457275390625,3.616255283355713
3.8866872787475586,3.88014817237854,3.874199628829956,3.869633913040161,3.8666417598724365,3.8659887313842773,3.8689770698547363,3.8750362396240234,3.883024215698242,3.8787481784820557,3.867476463317871,3.8583953380584717,3.846545934677124,3.8391799926757812,3.8406426906585693,3.8389766216278076,3.8339738845825195,3.8238089084625244,3.81611967086792,3.8076398372650146,3.798536539077759,3.7933545112609863,3.7869391441345215,3.7812795639038086,3.7718005180358887,3.762676954269409,3.7639057636260986,3.7697408199310303,3.7707629203796387,3.7690083980560303,3.7605297565460205,3.7525699138641357,3.7456555366516113,3.7357900142669678,3.7271318435668945,3.7162551879882812,3.6983954906463623,3.6800992488861084,3.664247512817383,3.653634548187256,3.6435964107513428,3.6320767402648926,3.6200056076049805
3.8844032287597656,3.878915786743164,3.8739395141601562,3.869980812072754,3.8675332069396973,3.86698317527771,3.868840217590332,3.8745906352996826,3.884606122970581,3.8876407146453857,3.8745267391204834,3.8644754886627197,3.8524680137634277,3.8390936851501465,3.8336033821105957,3.838884115219116,3.8359766006469727,3.8252487182617188,3.817624092102051,3.8115196228027344,3.804370403289795,3.7969093322753906,3.7925853729248047,3.7866432666778564,3.778135299682617,3.7687039375305176,3.7672505378723145,3.7703189849853516,3.7655255794525146,3.764993667602539,3.77034592628479,3.7649245262145996,3.7512869834899902,3.7383041381835938,3.7311103343963623,3.725170850753784,3.7113471031188965,3.690150022506714,3.672290325164795,3.6629698276519775,3.6537492275238037,3.6386842727661133,3.621915340423584
3.881471872329712,3.878978967666626,3.8758955001831055,3.8733556270599365,3.8711886405944824,3.870879650115967,3.8721444606781006,3.8768043518066406,3.8850746154785156,3.8897247314453125,3.884070873260498,3.8732879161834717,3.862264633178711,3.853207588195801,3.8398773670196533,3.8351144790649414,3.834916591644287,3.830325126647949,3.820394992828369,3.8130509853363037,3.8141186237335205,3.8083343505859375,3.7977113723754883,3.7878904342651367,3.7836341857910156,3.7812328338623047,3.777582883834839,3.773362159729004,3.763967752456665,3.763697385787964,3.771535634994507,3.770806312561035,3.7571563720703125,3.7431483268737793,3.7312514781951904,3.7259597778320312,3.718858242034912,3.705026149749756,3.684903144836426,3.6698975563049316,3.6600255966186523,3.6464903354644775,3.631934404373169
3.8784968852996826,3.87717866897583,3.8756775856018066,3.8737735748291016,3.87186861038208,3.871382474899292,3.871769428253174,3.8754191398620605,3.8834457397460938,3.8883330821990967,3.889737129211426,3.881535291671753,3.870872974395752,3.865431785583496,3.849703788757324,3.833050489425659,3.8284921646118164,3.8262743949890137,3.8161158561706543,3.8113009929656982,3.8158559799194336,3.8133251667022705,3.7994513511657715,3.786557912826538,3.78037691116333,3.780522346496582,3.778870105743408,3.774623394012451,3.7714598178863525,3.767620086669922,3.76454758644104,3.7637686729431152,3.7628159523010254,3.753716230392456,3.737363815307617,3.7266998291015625,3.720771551132202,3.714125156402588,3.6964845657348633,3.677422285079956,3.666130542755127,3.6548190116882324,3.645489454269409
3.875847339630127,3.8726425170898438,3.8702075481414795,3.8685219287872314,3.8671998977661133,3.8675990104675293,3.86897873878479,3.8740930557250977,3.8843846321105957,3.8887720108032227,3.885983943939209,3.881157159805298,3.8752918243408203,3.8680739402770996,3.852480888366699,3.836867332458496,3.825688123703003,3.8194146156311035,3.8146653175354004,3.8140902519226074,3.8084347248077393,3.7998921871185303,3.7937963008880615,3.789571762084961,3.785428524017334,3.779228925704956,3.776292324066162,3.777515411376953,3.778959274291992,3.7705044746398926,3.757395029067993,3.754302501678467,3.759185314178467,3.7536182403564453,3.7409896850585938,3.7276172637939453,3.717322587966919,3.7102131843566895,3.6973047256469727,3.680410385131836,3.6688902378082275,3.658736228942871,3.6498658657073975
3.873713970184326,3.868255138397217,3.865145206451416,3.8636763095855713,3.86346173286438,3.8661646842956543,3.8698954582214355,3.8773181438446045,3.8874025344848633,3.8875606060028076,3.8785958290100098,3.8769521713256836,3.875678539276123,3.8678109645843506,3.8543572425842285,3.8420655727386475,3.8266289234161377,3.8158907890319824,3.8181653022766113,3.8223421573638916,3.8086931705474854,3.7895193099975586,3.7853586673736572,3.7908194065093994,3.79455304145813,3.7898547649383545,3.7859373092651367,3.786400318145752,3.7817978858947754,3.7697126865386963,3.7578284740448,3.754498243331909,3.7489089965820312,3.740023136138916,3.7337517738342285,3.726867437362671,3.717714309692383,3.704967498779297,3.693329334259033,3.683194160461426,3.676163673400879,3.667660713195801,3.653357744216919
3.872587203979492,3.867380380630493,3.8645663261413574,3.8632254600524902,3.8641300201416016,3.8680269718170166,3.8726630210876465,3.880404472351074,3.889979124069214,3.888284683227539,3.8758554458618164,3.8738088607788086,3.87031888961792,3.8636929988861084,3.852860689163208,3.843682050704956,3.8300294876098633,3.8149466514587402,3.817502975463867,3.820751667022705,3.815506935119629,3.804288864135742,3.7962844371795654,3.7972607612609863,3.8022027015686035,3.804722547531128,3.8003368377685547,3.7955236434936523,3.7878220081329346,3.780809164047241,3.7764575481414795,3.7701196670532227,3.751434564590454,3.7360939979553223,3.730640172958374,3.727503538131714,3.722114086151123,3.710210084915161,3.6977474689483643,3.692276954650879,3.6832828521728516,3.67332124710083,3.6637637615203857
3.8741307258605957,3.871246576309204,3.868964910507202,3.867525339126587,3.867807388305664,3.871082305908203,3.8754141330718994,3.881978750228882,3.8924503326416016,3.8916516304016113,3.876171588897705,3.8740856647491455,3.8710649013519287,3.863678455352783,3.8519837856292725,3.8413705825805664,3.833590030670166,3.8245956897735596,3.816680431365967,3.8133840560913086,3.8205935955047607,3.8300793170928955,3.8194327354431152,3.811951160430908,3.8125696182250977,3.813595771789551,3.8070521354675293,3.7989602088928223,3.7983591556549072,3.802525043487549,3.798474073410034,3.7864551544189453,3.7666516304016113,3.7523739337921143,3.740963935852051,3.7268831729888916,3.7187042236328125,3.7148189544677734,3.707594633102417,3.6989808082580566,3.6848621368408203,3.673736095428467,3.6691176891326904
3.8754210472106934,3.873626470565796,3.8718066215515137,3.869353771209717,3.868103504180908,3.869725465774536,3.8735501766204834,3.8802106380462646,3.8905797004699707,3.889294147491455,3.877635955810547,3.877635955810547,3.873588800430298,3.8683114051818848,3.8587098121643066,3.8434367179870605,3.8364107608795166,3.8361868858337402,3.8238742351531982,3.8176395893096924,3.8274054527282715,3.8401780128479004,3.836684226989746,3.8290205001831055,3.8207554817199707,3.8133983612060547,3.806976318359375,3.8002188205718994,3.8017396926879883,3.803839683532715,3.797093391418457,3.784271001815796,3.775503158569336,3.7705647945404053,3.753258228302002,3.729773998260498,3.7195026874542236,3.7169551849365234,3.7137999534606934,3.7051780223846436,3.6966280937194824,3.6853630542755127,3.6689531803131104
3.873300075531006,3.870605230331421,3.8674492835998535,3.864453077316284,3.86272931098938,3.863574981689453,3.867194652557373,3.875189781188965,3.886106491088867,3.8835062980651855,3.8797104358673096,3.8798165321350098,3.8712480068206787,3.869260549545288,3.8669960498809814,3.8585615158081055,3.8525664806365967,3.8482978343963623,3.8409247398376465,3.8354380130767822,3.837515354156494,3.838507890701294,3.843986988067627,3.84187912940979,3.8284010887145996,3.8152334690093994,3.8091773986816406,3.803778648376465,3.7989554405212402,3.792799234390259,3.783627986907959,3.7760467529296875,3.7744784355163574,3.7706778049468994,3.7580249309539795,3.7455172538757324,3.7352566719055176,3.7254576683044434,3.7214035987854004,3.7179365158081055,3.7102370262145996,3.6923999786376953,3.667971134185791
3.8700530529022217,3.8657476902008057,3.861649751663208,3.858982801437378,3.8573668003082275,3.858630657196045,3.8626906871795654,3.8718373775482178,3.885442018508911,3.8871757984161377,3.8824665546417236,3.882810115814209,3.8744871616363525,3.8675835132598877,3.8665895462036133,3.870927095413208,3.873401641845703,3.862872362136841,3.8603055477142334,3.859386920928955,3.8555972576141357,3.8463099002838135,3.8411097526550293,3.8394775390625,3.8326828479766846,3.8233768939971924,3.815483331680298,3.808176040649414,3.8024768829345703,3.792940378189087,3.7837979793548584,3.777822732925415,3.76871919631958,3.759657859802246,3.756565570831299,3.7568349838256836,3.746624708175659,3.7302114963531494,3.7258758544921875,3.726658821105957,3.7173571586608887,3.697568893432617,3.6766176223754883
