wind_DJF_day_native.json
{"header": {"parameterCategory": 2, "parameterUnit": "m/s", "nx": 220, "ny": 280, "lo1": 118.693, "la1": 26.2568353691, "lo2": 123.2203272787, "la2": 21.0494, "dx": 0.0206727273, "dy": 0.0186646429, "refTime": "2025-01-01 00:00:00", "forecastTime": 0, "parameterNumber": 3}, "data":
[rows 95 to 113 of 280, columns 86 to 128 of 220]
-11.00168514251709,-10.982015609741211,-10.95495891571045,-10.917236328125,-10.869293212890625,-10.799782752990723,-10.710052490234375,-10.610139846801758,-10.559643745422363,-10.340282440185547,-8.655075073242188,-5.030264854431152,-3.896944761276245,-3.687873363494873,-3.4927830696105957,-3.6683459281921387,-3.9257407188415527,-3.8355822563171387,-2.877671957015991,-2.8728437423706055,-2.7808074951171875,-2.7536070346832275,-2.4715702533721924,-2.3353991508483887,-1.7515946626663208,-0.3947097659111023,0.8913106322288513,0.6377333998680115,0.2207125723361969,0.6422243118286133,-0.4042242169380188,-0.7068029642105103,-0.7467149496078491,-0.8544174432754517,-1.0368021726608276,-0.8689661622047424,-0.8391864895820618,-1.0733070373535156,-1.5371214151382446,-1.4263273477554321,-0.4392103850841522,-1.0328627824783325,-1.2510969638824463
-11.022496223449707,-10.999616622924805,-10.967235565185547,-10.92240047454834,-10.862678527832031,-10.777960777282715,-10.67282485961914,-10.60231876373291,-10.606974601745605,-9.799784660339355,-6.228039741516113,-4.359396934509277,-3.631772994995117,-3.3872480392456055,-2.9327635765075684,-3.7226409912109375,-3.122929811477661,-3.7814955711364746,-2.7810935974121094,-2.677595615386963,-2.6247005462646484,-2.8492655754089355,-2.3400444984436035,-1.717218279838562,-0.7806316018104553,0.46541306376457214,0.8938286900520325,0.6274144649505615,0.5677617192268372,1.5478205680847168,0.5996968150138855,0.5757152438163757,0.3050348162651062,-0.3149583339691162,-0.8441896438598633,-0.9311680793762207,-0.6584526300430298,-0.3614145815372467,-1.20511794090271,-1.092560887336731,-0.7039998769760132,-1.3668773174285889,-0.5189467072486877
-11.038789749145508,-11.010665893554688,-10.97199535369873,-10.920236587524414,-10.84841537475586,-10.749752044677734,-10.668283462524414,-10.635881423950195,-10.097296714782715,-8.534544944763184,-5.33626651763916,-3.856581926345825,-3.4464056491851807,-3.161214828491211,-2.773484945297241,-3.019512891769409,-2.780097246170044,-3.6889498233795166,-2.5622050762176514,-2.235074996948242,-2.207836151123047,-2.3979084491729736,-1.6522306203842163,-0.8841718435287476,-0.33430615067481995,-0.14471934735774994,-0.4635995030403137,-0.8565245270729065,0.006228168494999409,1.009860873222351,0.22040978074073792,0.7102248072624207,0.31487610936164856,-0.8271920680999756,-1.0578880310058594,-0.5579008460044861,0.25525304675102234,0.6362885236740112,0.20307177305221558,-0.5857148170471191,-1.1475777626037598,-1.2784674167633057,0.02578137442469597
-11.049009323120117,-11.015050888061523,-10.970239639282227,-10.90919303894043,-10.824788093566895,-10.734697341918945,-10.708782196044922,-10.309321403503418,-7.260841369628906,-6.106602668762207,-4.663914680480957,-3.76688814163208,-3.4201669692993164,-3.004041910171509,-2.6360063552856445,-2.758294105529785,-2.8626255989074707,-3.1386876106262207,-2.6207408905029297,-2.306567430496216,-2.434614896774292,-1.9785771369934082,-1.3893067836761475,-1.013427734375,-0.874760091304779,-1.005823016166687,-1.0381160974502563,-0.4268020987510681,1.01845121383667,1.385321855545044,0.4261428415775299,0.40069833397865295,-0.19491729140281677,-0.5173548460006714,0.4032359719276428,0.9633266925811768,0.940007209777832,0.14673443138599396,-0.20759901404380798,-0.07526702433824539,-0.18385867774486542,-0.13234767317771912,0.19120308756828308
-11.054492950439453,-11.014605522155762,-10.962135314941406,-10.891500473022461,-10.800711631774902,-10.767498016357422,-10.69707202911377,-9.12251091003418,-5.227941513061523,-4.900628566741943,-4.131777763366699,-3.703542947769165,-3.3123221397399902,-2.8657455444335938,-2.5478854179382324,-2.6929547786712646,-2.6709465980529785,-2.6975598335266113,-2.581467866897583,-2.3923499584198,-2.361548900604248,-1.9665855169296265,-1.4990938901901245,-1.1620075702667236,-0.6258121728897095,-0.3342680037021637,-0.04628702253103256,1.0057470798492432,1.514533519744873,1.1634646654129028,0.009057790040969849,-0.6946375966072083,-1.017081379890442,-0.25980374217033386,0.42580729722976685,0.12021173536777496,-0.44722795486450195,-1.49351167678833,-1.7581963539123535,0.7526404857635498,1.403747320175171,1.0364283323287964,0.08282835781574249
-11.054017066955566,-11.011237144470215,-10.952995300292969,-10.865394592285156,-10.79419231414795,-10.802130699157715,-10.213666915893555,-7.703302383422852,-4.885467529296875,-5.249683856964111,-4.7456374168396,-4.1625447273254395,-3.1865413188934326,-2.765237331390381,-2.3494648933410645,-2.4833626747131348,-2.49858021736145,-2.4904985427856445,-2.3621647357940674,-2.2736544609069824,-2.2177624702453613,-1.882575273513794,-1.237367868423462,-0.896686315536499,-0.3919423818588257,0.1875370889902115,0.7364605069160461,1.2610507011413574,0.9529548287391663,0.25202691555023193,-0.8110247254371643,-1.4957659244537354,-1.5563102960586548,-0.8164179921150208,-1.0595353841781616,-1.5655838251113892,-1.7664695978164673,-2.280297040939331,-1.1785542964935303,1.0576879978179932,1.050792932510376,0.47552525997161865,-0.3544185161590576
-11.05221176147461,-11.002585411071777,-10.924968719482422,-10.842117309570312,-10.844696044921875,-10.63263988494873,-8.527728080749512,-7.168406963348389,-5.6255388259887695,-4.745970249176025,-5.206182956695557,-4.6834397315979,-3.183042049407959,-2.861201763153076,-2.471470355987549,-2.549818992614746,-2.6612913608551025,-2.6847829818725586,-2.330857515335083,-2.1593828201293945,-2.2126636505126953,-1.8674581050872803,-1.2801659107208252,-1.126745581626892,-0.5082917809486389,0.13524900376796722,0.25580164790153503,0.25025010108947754,-0.13871899247169495,-0.7666142582893372,-0.9476643204689026,-0.9749132394790649,-1.4542174339294434,-1.6045032739639282,-1.514389991760254,-1.5226598978042603,-1.499415636062622,-0.7851319313049316,0.9659304618835449,1.080991506576538,0.39566570520401,-0.21598368883132935,-0.8842885494232178
-11.041335105895996,-10.977829933166504,-10.897790908813477,-10.85068130493164,-10.805675506591797,-10.125503540039062,-7.553228855133057,-6.782785415649414,-5.83396577835083,-4.74587345123291,-5.236786365509033,-4.86840295791626,-3.1406311988830566,-2.6909241676330566,-3.0112552642822266,-2.698239803314209,-2.7756094932556152,-3.0748167037963867,-2.5667734146118164,-2.1692466735839844,-2.1767702102661133,-1.8814213275909424,-1.4335567951202393,-1.096728801727295,-0.26591700315475464,-0.01176409050822258,-0.44041165709495544,-0.7235657572746277,-0.5858150124549866,-1.0467694997787476,-1.0404573678970337,-0.9121583104133606,-1.4730556011199951,-1.686953067779541,-0.7325356006622314,-0.5195232629776001,-0.2695794999599457,1.317513346672058,2.0794756412506104,1.294204831123352,0.271658331155777,-0.3868296444416046,-0.9957443475723267
-11.022699356079102,-10.949228286743164,-10.858477592468262,-10.825607299804688,-10.673187255859375,-9.049711227416992,-7.179065227508545,-5.229839324951172,-4.593411922454834,-4.2998738288879395,-5.168333053588867,-4.879863262176514,-3.5101518630981445,-2.308702230453491,-2.3576958179473877,-2.3568758964538574,-2.169724941253662,-2.153701066970825,-2.041191339492798,-2.129861354827881,-2.071194648742676,-1.7097768783569336,-0.8900927901268005,-0.30047181248664856,-0.3023543655872345,-0.36135023832321167,-0.38201767206192017,-0.7474585175514221,-0.13630259037017822,-0.18584701418876648,-1.4562549591064453,-1.4290552139282227,-1.0466375350952148,0.1828007847070694,0.9908995628356934,0.3800985515117645,0.10788609087467194,0.9351121783256531,1.4141627550125122,1.1648091077804565,0.16878966987133026,-0.3754209280014038,-0.6733272075653076
-10.988029479980469,-10.89287281036377,-10.83433723449707,-10.82977294921875,-10.22153091430664,-8.207707405090332,-6.782838821411133,-4.274682998657227,-3.8737730979919434,-4.568958282470703,-5.151186943054199,-4.646669864654541,-3.7587056159973145,-2.6070051193237305,-1.8920515775680542,-1.8181573152542114,-1.8225616216659546,-1.6149405241012573,-1.7687522172927856,-2.0926477909088135,-1.994140625,-1.4935967922210693,-0.5305331945419312,-0.1733369082212448,-0.3539944887161255,0.059458598494529724,0.5661901235580444,-0.30811288952827454,-0.36338481307029724,0.1875327080488205,-0.47938841581344604,0.1544441133737564,0.893589973449707,1.851708173751831,1.6144800186157227,0.4955928921699524,0.46983763575553894,0.737471878528595,0.8421858549118042,0.8575451970100403,0.24925737082958221,-0.4814820885658264,-0.9991777539253235
-10.938690185546875,-10.855518341064453,-10.780119895935059,-10.309640884399414,-8.930089950561523,-7.731083393096924,-6.530795574188232,-4.904460906982422,-4.513942241668701,-4.881843566894531,-4.968435287475586,-3.748347759246826,-3.51509690284729,-2.493121385574341,-2.5075862407684326,-2.1642394065856934,-2.236237049102783,-1.8138011693954468,-1.8415852785110474,-1.9467638731002808,-1.763471007347107,-1.0422478914260864,-0.24882984161376953,0.008616496808826923,0.0011688463855534792,0.09579985588788986,0.5531402230262756,0.11215570569038391,-0.7948453426361084,0.2693035304546356,1.2140896320343018,1.5559587478637695,1.6709470748901367,1.4630677700042725,0.43368786573410034,0.18405820429325104,1.5663107633590698,1.77242910861969,1.3235478401184082,0.6664488315582275,-0.2069103717803955,-1.2644683122634888,-1.6746946573257446
-10.882607460021973,-10.814772605895996,-10.543252944946289,-7.67679500579834,-7.98866081237793,-7.134805202484131,-6.00666618347168,-5.135563850402832,-5.090651988983154,-4.603696823120117,-4.625514984130859,-3.52195405960083,-2.796330690383911,-2.198246479034424,-2.134939193725586,-1.9383994340896606,-1.9213296175003052,-2.2428407669067383,-1.8359942436218262,-1.8151837587356567,-1.4516507387161255,-0.7335900068283081,-0.27023056149482727,0.02261154167354107,-0.060970425605773926,-0.6493518352508545,-0.6350072622299194,0.13522836565971375,0.31538721919059753,1.0571764707565308,1.2860664129257202,1.0571706295013428,0.9216215014457703,0.5442189574241638,-0.11955130100250244,0.9041098952293396,1.8705112934112549,1.825018048286438,1.4318814277648926,0.5541719794273376,-0.6043073534965515,-1.7728617191314697,-1.8106776475906372
-10.837706565856934,-10.817649841308594,-9.70975399017334,-5.84065055847168,-6.303962230682373,-5.553481101989746,-4.78177547454834,-5.105475425720215,-4.897404670715332,-3.7095959186553955,-4.217840671539307,-3.0633950233459473,-2.3728959560394287,-2.0593926906585693,-1.6198712587356567,-1.4798933267593384,-1.4861314296722412,-1.9286385774612427,-1.7620713710784912,-1.6598657369613647,-1.2982826232910156,-0.7879846096038818,-0.7260121703147888,-0.8130842447280884,-0.602660596370697,-0.6660789251327515,-0.41756200790405273,0.6951829195022583,1.5778093338012695,1.644244909286499,1.094449520111084,0.9977124929428101,0.6146568655967712,-0.06858669221401215,0.6780838966369629,1.849855661392212,1.4421974420547485,0.8835234642028809,0.40792909264564514,-0.148634672164917,-1.0020827054977417,-1.5954067707061768,-0.9889015555381775
-10.833874702453613,-10.183688163757324,-7.174045085906982,-5.329406261444092,-5.180628776550293,-4.581849575042725,-4.710147857666016,-4.85292911529541,-3.9533274173736572,-3.243678331375122,-3.4185879230499268,-2.662580728530884,-2.306881904602051,-2.0030887126922607,-1.6566437482833862,-1.5881632566452026,-1.6221442222595215,-1.6039247512817383,-1.5336265563964844,-1.3874304294586182,-1.0228095054626465,-0.7254524827003479,-0.6308798789978027,-1.0762159824371338,-0.9488469362258911,0.16422785818576813,1.274809718132019,1.669382095336914,1.719797134399414,1.6670995950698853,1.0495997667312622,0.8548607230186462,0.5233544111251831,-0.17476704716682434,0.322001576423645,0.7866194844245911,0.3532702624797821,-0.329772412776947,-0.8752993941307068,-1.2796199321746826,-1.0609686374664307,-0.15267926454544067,0.366865336894989
-10.600584030151367,-7.46651554107666,-5.582996368408203,-5.041223526000977,-4.786502838134766,-4.290755271911621,-4.930621147155762,-4.054725170135498,-3.375481605529785,-3.1664199829101562,-3.0049591064453125,-2.6367852687835693,-2.328653335571289,-2.0918657779693604,-1.72798490524292,-1.6364881992340088,-1.618878960609436,-1.6250944137573242,-1.490617275238037,-1.523711919784546,-0.9534083604812622,-0.7120323181152344,-0.4107726514339447,-0.20003217458724976,0.1146063432097435,1.1308544874191284,1.7922725677490234,1.6744590997695923,1.4903953075408936,1.1450903415679932,0.10958826541900635,-0.32006925344467163,-0.4628579616546631,-1.1057732105255127,-1.1003615856170654,-0.2249000519514084,0.12135595083236694,-0.3913760483264923,-1.4058680534362793,-1.5944023132324219,-1.0669970512390137,0.2795831561088562,0.3647615909576416
-10.15243148803711,-5.697309494018555,-5.2018585205078125,-4.892360687255859,-4.50509786605835,-4.034999370574951,-4.878946304321289,-4.0263752937316895,-3.2098870277404785,-3.010941982269287,-2.893549919128418,-2.579878330230713,-2.328685760498047,-2.165727138519287,-1.7023264169692993,-1.4414209127426147,-1.3891007900238037,-1.484336495399475,-1.3690170049667358,-1.4616388082504272,-1.340867042541504,-1.1560543775558472,-0.30603277683258057,0.6370428800582886,1.14629065990448,1.5975276231765747,1.554825782775879,1.286339282989502,0.8575130105018616,0.19783207774162292,-1.158984899520874,-1.8923836946487427,-1.8515654802322388,-1.308349609375,0.13281883299350739,0.9819856882095337,1.034993052482605,0.4498002231121063,-0.5550612211227417,-1.413301944732666,-1.744096279144287,-1.1927827596664429,-0.6125226616859436
-9.815329551696777,-5.45207405090332,-4.9862141609191895,-5.617114543914795,-4.2791619300842285,-3.816377639770508,-4.626791954040527,-3.6190805435180664,-3.0427045822143555,-2.837158679962158,-2.7319889068603516,-2.470339775085449,-2.270118236541748,-2.084629535675049,-1.4847917556762695,-1.171956181526184,-1.2293819189071655,-1.6879873275756836,-1.3461345434188843,-1.358154058456421,-1.461421251296997,-1.2994270324707031,-0.08665186166763306,0.7231068015098572,1.0646371841430664,1.5336830615997314,1.2880446910858154,0.5861632823944092,0.10505510121583939,-0.3540480434894562,-1.2488561868667603,-0.9818664789199829,-0.11375053972005844,0.8393101692199707,1.4907792806625366,1.1996468305587769,0.7145936489105225,0.15258076786994934,-0.3501916825771332,-1.3317453861236572,-1.990857720375061,-1.3516026735305786,-0.06628631055355072
-9.681358337402344,-6.182772636413574,-4.74833345413208,-5.906407356262207,-4.181083679199219,-3.7485711574554443,-3.79264497756958,-3.096390724182129,-2.8743786811828613,-2.694086790084839,-2.5680582523345947,-2.360121726989746,-2.1565170288085938,-1.8607276678085327,-1.2409846782684326,-1.0462650060653687,-1.163527011871338,-1.4427611827850342,-1.2897298336029053,-1.196356177330017,-0.887689471244812,-0.40915727615356445,0.10572449862957001,0.30627596378326416,0.8169784545898438,1.12549889087677,0.3862132728099823,-0.6424369812011719,-0.8922612071037292,-0.6695432066917419,-0.06601668894290924,0.9833613634109497,1.5084965229034424,1.4751510620117188,0.9953268766403198,0.5131247043609619,0.16759541630744934,-0.26469793915748596,-0.699806809425354,-1.188964605331421,-0.9547691941261292,-0.15902458131313324,0.4925120770931244
-9.196908950805664,-5.4644575119018555,-4.587353706359863,-5.0231032371521,-4.25496768951416,-3.8598012924194336,-3.312211036682129,-2.9174954891204834,-2.7696890830993652,-2.581160545349121,-2.430044174194336,-2.2328948974609375,-1.9994971752166748,-1.621497631072998,-1.1746193170547485,-0.9964239001274109,-0.7910065650939941,-0.7815981507301331,-1.0365251302719116,-1.108511209487915,-0.862375020980835,-0.3283621668815613,-0.4503004252910614,-0.7784802913665771,-0.33178067207336426,-0.023803964257240295,-0.3284258544445038,-0.5772473812103271,-0.22549597918987274,0.48744478821754456,1.4749834537506104,1.2200626134872437,0.6910826563835144,0.6769992113113403,0.8415830731391907,0.5662733316421509,0.2260994166135788,0.0322888121008873,-0.29726386070251465,-0.6603232622146606,0.05588585138320923,0.2508400082588196,-0.28428271412849426
