wind_JJA_night_native.json
{"header": {"parameterCategory": 2, "parameterUnit": "m/s", "nx": 220, "ny": 280, "lo1": 118.693, "la1": 26.2568353691, "lo2": 123.2203272787, "la2": 21.0494, "dx": 0.0206727273, "dy": 0.0186646429, "refTime": "2025-01-01 00:00:00", "forecastTime": 0, "parameterNumber": 3}, "data":
[rows 38 to 56 of 280, columns 43 to 85 of 220]
0.3648272156715393,0.7736039757728577,1.2533494234085083,1.5402295589447021,1.7911450862884521,1.960728645324707,2.209840774536133,1.9119763374328613,1.0675063133239746,0.6154029369354248,0.4904530346393585,0.45673322677612305,0.7774753570556641,1.1213558912277222,1.733240008354187,2.1216800212860107,2.316889762878418,2.4194393157958984,2.473999261856079,2.508122205734253,2.532137870788574,2.5508944988250732,2.5731770992279053,2.6009440422058105,2.62457013130188,2.6434245109558105,2.671386241912842,2.699317216873169,2.7217864990234375,2.7493441104888916,2.777306318283081,2.8015341758728027,2.830366849899292,2.8628296852111816,2.8902745246887207,2.910646677017212,2.929429769515991,2.947808265686035,2.9637291431427,2.984893321990967,3.009260654449463,3.029879331588745,3.0390710830688477
0.46503856778144836,0.7680858969688416,1.345566987991333,1.6172462701797485,1.8854479789733887,1.946514368057251,2.0767271518707275,1.4373040199279785,0.9390928745269775,0.6136816143989563,0.3832663893699646,0.5907511711120605,1.3290656805038452,1.3464616537094116,1.8025327920913696,2.1623950004577637,2.333782434463501,2.4216115474700928,2.4646201133728027,2.4939420223236084,2.517458438873291,2.542804718017578,2.570812463760376,2.595576047897339,2.6162304878234863,2.6388134956359863,2.669309377670288,2.6975929737091064,2.7183854579925537,2.7465415000915527,2.775209903717041,2.8022239208221436,2.8315000534057617,2.862217903137207,2.892230987548828,2.91691255569458,2.9356226921081543,2.95509934425354,2.977931499481201,3.002202033996582,3.022465467453003,3.034031867980957,3.0402016639709473
0.568088173866272,0.789614200592041,1.437628149986267,1.6637585163116455,1.9125254154205322,1.8086063861846924,1.8876090049743652,1.1693696975708008,0.9861322641372681,0.777987539768219,0.5507943630218506,1.1196413040161133,1.5522258281707764,1.84395170211792,1.907914638519287,2.2148544788360596,2.3454244136810303,2.412566900253296,2.4431300163269043,2.470362901687622,2.4944047927856445,2.5248780250549316,2.5576813220977783,2.5848889350891113,2.609675645828247,2.6361896991729736,2.6666951179504395,2.694310426712036,2.7180769443511963,2.74611759185791,2.7777974605560303,2.8124051094055176,2.84033203125,2.8635106086730957,2.8915038108825684,2.918887138366699,2.9367034435272217,2.9603238105773926,2.989774703979492,3.0129847526550293,3.0264508724212646,3.0307421684265137,3.0400075912475586
0.6350887417793274,0.929587721824646,1.5292959213256836,1.605553388595581,1.800976037979126,1.5992100238800049,1.7749264240264893,1.3886793851852417,1.193440318107605,1.123863697052002,0.9369561672210693,1.2784119844436646,1.4871809482574463,1.8762898445129395,2.0362348556518555,2.2845559120178223,2.3549108505249023,2.395681381225586,2.417789936065674,2.445195198059082,2.4727771282196045,2.5045981407165527,2.539246082305908,2.574345588684082,2.604098320007324,2.6336255073547363,2.6629843711853027,2.6869778633117676,2.7164855003356934,2.7473196983337402,2.7794480323791504,2.816258192062378,2.8456921577453613,2.870011568069458,2.8948822021484375,2.9190332889556885,2.940567970275879,2.9685211181640625,2.9983367919921875,3.018322467803955,3.0280725955963135,3.0325727462768555,3.044816017150879
0.7746506333351135,1.1307542324066162,1.4509410858154297,1.4220843315124512,1.5567361116409302,1.5286478996276855,1.6511919498443604,1.5625213384628296,1.3456116914749146,1.260186791419983,1.2234747409820557,1.339339256286621,1.4642932415008545,1.943039894104004,2.1978795528411865,2.32883882522583,2.3418662548065186,2.3716087341308594,2.3966712951660156,2.4274423122406006,2.457254409790039,2.4893107414245605,2.5259532928466797,2.5640695095062256,2.5968847274780273,2.6291913986206055,2.6592891216278076,2.683357000350952,2.7137839794158936,2.747246503829956,2.7805075645446777,2.8134264945983887,2.846734046936035,2.8805389404296875,2.905665397644043,2.9266695976257324,2.951709508895874,2.979584217071533,3.00419282913208,3.023301601409912,3.034480333328247,3.0431172847747803,3.0574498176574707
1.1609456539154053,1.2420159578323364,1.2496882677078247,1.231835961341858,1.3562508821487427,1.9203983545303345,1.7504698038101196,1.4844812154769897,1.3132163286209106,1.2817373275756836,1.6116490364074707,1.7033212184906006,1.7655622959136963,2.137063503265381,2.2816615104675293,2.306013345718384,2.317941904067993,2.3546931743621826,2.3850014209747314,2.4170632362365723,2.4461612701416016,2.4808602333068848,2.5196034908294678,2.5562233924865723,2.593306064605713,2.6263961791992188,2.6573081016540527,2.6863934993743896,2.717136859893799,2.7501912117004395,2.785322666168213,2.8167781829833984,2.8506627082824707,2.8856992721557617,2.9136996269226074,2.936568260192871,2.9618890285491943,2.9864351749420166,3.0075504779815674,3.026163101196289,3.0407028198242188,3.0543572902679443,3.0717575550079346
1.8879731893539429,1.3717379570007324,1.2125431299209595,1.1059958934783936,1.3116220235824585,1.978627324104309,1.549042820930481,1.5127313137054443,1.4033244848251343,1.6877862215042114,2.2320640087127686,2.3752074241638184,2.334078550338745,2.1973514556884766,2.250939130783081,2.2709829807281494,2.30703067779541,2.348456859588623,2.3781490325927734,2.4108023643493652,2.4436657428741455,2.483438730239868,2.520444631576538,2.5560736656188965,2.5945563316345215,2.6284284591674805,2.6587390899658203,2.688000440597534,2.7213048934936523,2.75704026222229,2.793308973312378,2.826472520828247,2.8590469360351562,2.8878862857818604,2.917206287384033,2.945014238357544,2.9709696769714355,2.993394374847412,3.011557102203369,3.0292515754699707,3.0463309288024902,3.0626983642578125,3.0816690921783447
2.6215577125549316,1.8463984727859497,1.5674636363983154,0.9948947429656982,1.3673831224441528,2.003941535949707,1.9773856401443481,1.9819703102111816,1.9250411987304688,2.321829319000244,2.3649191856384277,2.3677051067352295,2.2809510231018066,2.1711277961730957,2.235048294067383,2.2652297019958496,2.301880359649658,2.338653326034546,2.3742871284484863,2.410656213760376,2.449524402618408,2.491737127304077,2.5262625217437744,2.5604286193847656,2.593895435333252,2.629145622253418,2.65958833694458,2.6892223358154297,2.723637819290161,2.760371685028076,2.796600341796875,2.833745002746582,2.869960308074951,2.897963523864746,2.924196720123291,2.952615737915039,2.9781060218811035,3.0007734298706055,3.017533779144287,3.0351474285125732,3.0533628463745117,3.0729031562805176,3.091728687286377
2.6395397186279297,1.9973353147506714,1.376142978668213,0.8537764549255371,1.518751859664917,2.1839005947113037,2.5668728351593018,2.514554500579834,2.460996389389038,2.3783528804779053,2.282305955886841,2.2554891109466553,2.210697889328003,2.202535629272461,2.2462661266326904,2.2689690589904785,2.301004409790039,2.334393262863159,2.375321388244629,2.41416072845459,2.454524517059326,2.494760274887085,2.5303030014038086,2.5637807846069336,2.5949363708496094,2.628603935241699,2.661050796508789,2.6959292888641357,2.7289648056030273,2.7632675170898438,2.798985004425049,2.8409159183502197,2.88161039352417,2.9150047302246094,2.9418134689331055,2.966310977935791,2.9877259731292725,3.0083260536193848,3.0260958671569824,3.0445311069488525,3.067228317260742,3.089165210723877,3.104137659072876
2.413672924041748,1.7328048944473267,1.2766985893249512,1.0501821041107178,1.727468729019165,2.357339859008789,2.5956850051879883,2.469906806945801,2.3673462867736816,2.2639713287353516,2.255873680114746,2.246145009994507,2.223816394805908,2.2221550941467285,2.249685764312744,2.2807626724243164,2.3112568855285645,2.34376859664917,2.381944417953491,2.4212121963500977,2.4579620361328125,2.4939239025115967,2.5317203998565674,2.567147731781006,2.6029975414276123,2.6348743438720703,2.6692771911621094,2.7065505981445312,2.7395987510681152,2.7754921913146973,2.811861991882324,2.852917194366455,2.891045331954956,2.926928758621216,2.957620859146118,2.983980655670166,3.003241539001465,3.019427537918091,3.0368382930755615,3.059614658355713,3.085023880004883,3.1024892330169678,3.1112349033355713
2.2401843070983887,1.5958917140960693,1.2054007053375244,1.4290803670883179,1.9701602458953857,2.4118473529815674,2.4699950218200684,2.351907730102539,2.2697997093200684,2.2618398666381836,2.2521042823791504,2.2259528636932373,2.216958999633789,2.2307546138763428,2.26023006439209,2.2921152114868164,2.3263819217681885,2.361499786376953,2.3991036415100098,2.4349496364593506,2.4647717475891113,2.4970126152038574,2.536529302597046,2.575192451477051,2.6146349906921387,2.6472725868225098,2.6819097995758057,2.718630313873291,2.7544193267822266,2.7924270629882812,2.8278422355651855,2.8660762310028076,2.9011082649230957,2.9326653480529785,2.963021755218506,2.9932701587677,3.017056941986084,3.033769130706787,3.0525965690612793,3.0784080028533936,3.098923921585083,3.1075727939605713,3.111968755722046
2.2053468227386475,1.909922480583191,1.635550856590271,1.9565731287002563,2.14778470993042,2.1424689292907715,2.157935857772827,2.2293808460235596,2.2653958797454834,2.2565441131591797,2.234758138656616,2.2238621711730957,2.229050874710083,2.243699789047241,2.2700159549713135,2.3008031845092773,2.3399882316589355,2.3825650215148926,2.419736623764038,2.448781967163086,2.476616144180298,2.5090019702911377,2.5480904579162598,2.5885415077209473,2.6276793479919434,2.6627955436706543,2.6965489387512207,2.732712984085083,2.7713279724121094,2.8100738525390625,2.8459203243255615,2.881289005279541,2.915889263153076,2.9448907375335693,2.9723751544952393,3.000610113143921,3.0262558460235596,3.047034502029419,3.0705068111419678,3.0939979553222656,3.1081619262695312,3.115016460418701,3.1207289695739746
2.2257699966430664,2.3462753295898438,2.1981165409088135,2.0458059310913086,2.159317970275879,1.7401783466339111,1.8797214031219482,2.1499598026275635,2.2416129112243652,2.2356770038604736,2.2245545387268066,2.223863363265991,2.2291688919067383,2.25020694732666,2.2846877574920654,2.31693172454834,2.353290557861328,2.3946564197540283,2.4295334815979004,2.460707187652588,2.4926328659057617,2.5273380279541016,2.5647435188293457,2.604515314102173,2.644930362701416,2.682615041732788,2.71673583984375,2.7526044845581055,2.7899715900421143,2.828970432281494,2.86576247215271,2.898527145385742,2.931795597076416,2.9598140716552734,2.9862396717071533,3.0126094818115234,3.03442120552063,3.054323196411133,3.0787596702575684,3.098433494567871,3.1109626293182373,3.124781370162964,3.136491537094116
2.1938886642456055,2.261321783065796,2.1111862659454346,1.9942952394485474,2.1596689224243164,1.7805575132369995,1.9648075103759766,2.186689615249634,2.22353458404541,2.2159905433654785,2.211397647857666,2.216510057449341,2.229918956756592,2.2586963176727295,2.29536771774292,2.3297111988067627,2.3652961254119873,2.3995580673217773,2.4314682483673096,2.4689831733703613,2.506486415863037,2.5464632511138916,2.585452079772949,2.6239144802093506,2.6665804386138916,2.7043306827545166,2.7418551445007324,2.7758865356445312,2.80722713470459,2.843489646911621,2.8806777000427246,2.915985107421875,2.9486067295074463,2.9752540588378906,3.000056743621826,3.0216681957244873,3.0405938625335693,3.0614688396453857,3.0813944339752197,3.097153663635254,3.115802526473999,3.135404109954834,3.15022611618042
2.136038064956665,2.1247167587280273,2.0435900688171387,2.076617956161499,2.1903939247131348,2.292417526245117,2.122572422027588,2.1986727714538574,2.1925253868103027,2.2007293701171875,2.201477527618408,2.21039080619812,2.227846384048462,2.2596118450164795,2.2962863445281982,2.3375532627105713,2.3744475841522217,2.4018330574035645,2.431644916534424,2.473693370819092,2.5178680419921875,2.5636332035064697,2.6050782203674316,2.6431684494018555,2.684396505355835,2.7232937812805176,2.7614643573760986,2.7940196990966797,2.822934627532959,2.856492519378662,2.8952770233154297,2.933122396469116,2.9657225608825684,2.99314022064209,3.015693426132202,3.0314435958862305,3.0504605770111084,3.0743746757507324,3.091053009033203,3.107759475708008,3.1286439895629883,3.148050308227539,3.1650195121765137
2.0732944011688232,2.089740753173828,2.092963218688965,2.137488603591919,2.207897186279297,2.290174961090088,2.127995252609253,2.1768388748168945,2.174274206161499,2.1908950805664062,2.19384503364563,2.2074174880981445,2.229710102081299,2.2651493549346924,2.3033318519592285,2.344374418258667,2.3798866271972656,2.406643867492676,2.4393820762634277,2.48431396484375,2.53220796585083,2.578315496444702,2.619142532348633,2.6591906547546387,2.6986827850341797,2.7377636432647705,2.775010108947754,2.808145761489868,2.8402273654937744,2.876646041870117,2.9137535095214844,2.946402072906494,2.9761853218078613,3.0045251846313477,3.02925181388855,3.0477585792541504,3.0690829753875732,3.0916433334350586,3.109419822692871,3.1269702911376953,3.142930746078491,3.161550521850586,3.181018590927124
2.0361897945404053,2.0930087566375732,2.1310911178588867,2.175982713699341,2.206977605819702,2.1964080333709717,2.139291286468506,2.176431179046631,2.168026924133301,2.182828187942505,2.190423011779785,2.210318088531494,2.2394115924835205,2.2783093452453613,2.3149356842041016,2.348810911178589,2.3829028606414795,2.419283628463745,2.4584124088287354,2.500901460647583,2.5476887226104736,2.5916709899902344,2.632037401199341,2.6768720149993896,2.7152786254882812,2.7508928775787354,2.7877378463745117,2.8215456008911133,2.8581087589263916,2.89835262298584,2.93287992477417,2.961930990219116,2.9849491119384766,3.0114729404449463,3.0402612686157227,3.0661673545837402,3.089278221130371,3.1103761196136475,3.1310524940490723,3.1472599506378174,3.1614575386047363,3.1804137229919434,3.2011728286743164
2.035583734512329,2.1289546489715576,2.170051097869873,2.187443256378174,2.1850247383117676,2.187985420227051,2.1611287593841553,2.17216157913208,2.164808511734009,2.1776976585388184,2.1935155391693115,2.2228481769561768,2.253786563873291,2.2898659706115723,2.3223824501037598,2.3524227142333984,2.389941930770874,2.4361095428466797,2.4796853065490723,2.52170991897583,2.5646276473999023,2.6072309017181396,2.6499547958374023,2.695627212524414,2.733738899230957,2.7689859867095947,2.8041887283325195,2.8376102447509766,2.87661075592041,2.9172940254211426,2.953556537628174,2.9842443466186523,3.0040841102600098,3.026125431060791,3.054551362991333,3.085498571395874,3.111546039581299,3.1334075927734375,3.15431547164917,3.171623468399048,3.188361167907715,3.204432249069214,3.2234015464782715
2.0839662551879883,2.168443202972412,2.18002986907959,2.175581932067871,2.1725101470947266,2.175367832183838,2.1604018211364746,2.1674842834472656,2.1637253761291504,2.175259828567505,2.198763847351074,2.2354183197021484,2.2641024589538574,2.2947676181793213,2.327505350112915,2.3628578186035156,2.404820680618286,2.4519858360290527,2.4981987476348877,2.542840003967285,2.583494186401367,2.6264259815216064,2.671773672103882,2.716310501098633,2.756678581237793,2.793020009994507,2.827166795730591,2.8610308170318604,2.8979716300964355,2.936831474304199,2.973637580871582,3.004603147506714,3.0285940170288086,3.0472850799560547,3.0711822509765625,3.102595329284668,3.131626844406128,3.153881788253784,3.1743106842041016,3.1956353187561035,3.215327262878418,3.228550434112549,3.2407307624816895
