wind_DJF_night_native.json
{"header": {"parameterCategory": 2, "parameterUnit": "m/s", "nx": 220, "ny": 280, "lo1": 118.693, "la1": 26.2568353691, "lo2": 123.2203272787, "la2": 21.0494, "dx": 0.0206727273, "dy": 0.0186646429, "refTime": "2025-01-01 00:00:00", "forecastTime": 0, "parameterNumber": 2}, "data":
[rows 38 to 56 of 280, columns 86 to 128 of 220]
-5.09646463394165,-5.140243053436279,-5.180145263671875,-5.215607643127441,-5.247868537902832,-5.281150817871094,-5.316153049468994,-5.351132392883301,-5.382848262786865,-5.408361434936523,-5.432121753692627,-5.459049224853516,-5.484699249267578,-5.504796028137207,-5.521542549133301,-5.537116527557373,-5.552986145019531,-5.568967819213867,-5.583094596862793,-5.595951557159424,-5.609029769897461,-5.621416091918945,-5.631191730499268,-5.6366047859191895,-5.637808799743652,-5.636744022369385,-5.635157108306885,-5.632969379425049,-5.628195285797119,-5.619783401489258,-5.609743118286133,-5.6005659103393555,-5.590181350708008,-5.578264236450195,-5.567135810852051,-5.552346706390381,-5.53188419342041,-5.510255813598633,-5.490484237670898,-5.470409870147705,-5.449814319610596,-5.430887222290039,-5.412213325500488
-5.132002353668213,-5.173994541168213,-5.21315860748291,-5.249312400817871,-5.283322334289551,-5.317543029785156,-5.352430820465088,-5.386919021606445,-5.418674945831299,-5.445722579956055,-5.470804214477539,-5.497101783752441,-5.521816253662109,-5.542758464813232,-5.560168266296387,-5.575924396514893,-5.592401504516602,-5.6084794998168945,-5.622368812561035,-5.635765075683594,-5.64808988571167,-5.658403396606445,-5.6678876876831055,-5.673308372497559,-5.673957824707031,-5.672365188598633,-5.669468402862549,-5.666069030761719,-5.66225528717041,-5.656322479248047,-5.647408485412598,-5.637598991394043,-5.626321792602539,-5.613203048706055,-5.600044250488281,-5.58272123336792,-5.560535907745361,-5.5388360023498535,-5.519468307495117,-5.500720024108887,-5.481694221496582,-5.462538719177246,-5.440935134887695
-5.166131973266602,-5.20681619644165,-5.246465682983398,-5.283998012542725,-5.319258689880371,-5.354429244995117,-5.389077663421631,-5.422743797302246,-5.4545745849609375,-5.483408451080322,-5.5093994140625,-5.533919811248779,-5.557790756225586,-5.579837799072266,-5.598337173461914,-5.615801811218262,-5.633460998535156,-5.64900016784668,-5.662329196929932,-5.675520420074463,-5.686695098876953,-5.695584774017334,-5.704201698303223,-5.70955753326416,-5.710169792175293,-5.7067551612854,-5.702041149139404,-5.699377059936523,-5.697964668273926,-5.694032669067383,-5.686715126037598,-5.677822113037109,-5.664858818054199,-5.646938800811768,-5.628852844238281,-5.609986305236816,-5.589041709899902,-5.568409442901611,-5.5477728843688965,-5.526101589202881,-5.504733085632324,-5.485844612121582,-5.465643882751465
-5.197543621063232,-5.239142894744873,-5.280559062957764,-5.319620132446289,-5.356227397918701,-5.392055511474609,-5.426135540008545,-5.458497524261475,-5.4893798828125,-5.51914119720459,-5.5467939376831055,-5.571406364440918,-5.595507621765137,-5.617838382720947,-5.637157917022705,-5.656138896942139,-5.6738762855529785,-5.688451290130615,-5.701657772064209,-5.715717315673828,-5.7270283699035645,-5.733960151672363,-5.739773273468018,-5.7447919845581055,-5.746762275695801,-5.744132041931152,-5.740107536315918,-5.737057685852051,-5.73360013961792,-5.728411674499512,-5.722461700439453,-5.714788913726807,-5.70011043548584,-5.678153991699219,-5.656358242034912,-5.6375322341918945,-5.619254112243652,-5.598860263824463,-5.57504940032959,-5.548989772796631,-5.524652004241943,-5.504643440246582,-5.484737873077393
-5.228736877441406,-5.272305011749268,-5.315558910369873,-5.3560991287231445,-5.393786430358887,-5.4288249015808105,-5.461227893829346,-5.492522239685059,-5.523623943328857,-5.5547404289245605,-5.584268569946289,-5.610269069671631,-5.634353160858154,-5.6561479568481445,-5.675641059875488,-5.694097995758057,-5.711025238037109,-5.726287841796875,-5.74190092086792,-5.757877826690674,-5.769240856170654,-5.774125099182129,-5.777673244476318,-5.781909942626953,-5.784358978271484,-5.784323215484619,-5.782939910888672,-5.779018402099609,-5.771241188049316,-5.762905120849609,-5.756326675415039,-5.7481913566589355,-5.731849670410156,-5.708713054656982,-5.686534881591797,-5.66614294052124,-5.64747428894043,-5.6266255378723145,-5.600155353546143,-5.5722455978393555,-5.547128200531006,-5.52516508102417,-5.503198146820068
-5.261443138122559,-5.305773735046387,-5.350459098815918,-5.392106056213379,-5.430079460144043,-5.46466588973999,-5.49658203125,-5.527165412902832,-5.558501720428467,-5.590996265411377,-5.621586322784424,-5.647946357727051,-5.671204090118408,-5.6925153732299805,-5.71185302734375,-5.729542255401611,-5.747298240661621,-5.765347480773926,-5.782957077026367,-5.79874324798584,-5.808546543121338,-5.811849594116211,-5.814516067504883,-5.819255352020264,-5.824242115020752,-5.82706880569458,-5.825666904449463,-5.819416522979736,-5.810383319854736,-5.800950050354004,-5.790218353271484,-5.777101039886475,-5.759449005126953,-5.737982749938965,-5.716609001159668,-5.694244861602783,-5.673686981201172,-5.653120040893555,-5.626676082611084,-5.598182678222656,-5.572339057922363,-5.547425270080566,-5.523259162902832
-5.295210361480713,-5.34019660949707,-5.385368824005127,-5.426412105560303,-5.464590072631836,-5.5002570152282715,-5.532334327697754,-5.562285900115967,-5.593800067901611,-5.626666069030762,-5.658327579498291,-5.685698509216309,-5.708316802978516,-5.729025840759277,-5.7480316162109375,-5.7664875984191895,-5.7861504554748535,-5.805551528930664,-5.822408199310303,-5.836014270782471,-5.843846321105957,-5.84725284576416,-5.851869106292725,-5.858553409576416,-5.865806579589844,-5.869250297546387,-5.8655104637146,-5.85756778717041,-5.848388195037842,-5.837616443634033,-5.824251174926758,-5.8079915046691895,-5.788671970367432,-5.767780303955078,-5.7471113204956055,-5.725285053253174,-5.703482627868652,-5.679983139038086,-5.651716232299805,-5.6223273277282715,-5.595887660980225,-5.56982421875,-5.542622089385986
-5.330378532409668,-5.376254081726074,-5.419888019561768,-5.460517406463623,-5.499886512756348,-5.535662651062012,-5.566978454589844,-5.59713888168335,-5.629261016845703,-5.661916255950928,-5.693897247314453,-5.723398208618164,-5.747064590454102,-5.765856742858887,-5.783807754516602,-5.803827285766602,-5.82448148727417,-5.84222412109375,-5.856616973876953,-5.8688883781433105,-5.877472877502441,-5.883382797241211,-5.889934062957764,-5.897653579711914,-5.904644012451172,-5.906301498413086,-5.900694370269775,-5.891286849975586,-5.88071870803833,-5.869257926940918,-5.856292724609375,-5.839808464050293,-5.8200483322143555,-5.799890995025635,-5.780078887939453,-5.758497714996338,-5.733999252319336,-5.706050872802734,-5.677001476287842,-5.647420406341553,-5.617493152618408,-5.587986946105957,-5.558117866516113
-5.367785930633545,-5.412982940673828,-5.454256057739258,-5.494178771972656,-5.533520221710205,-5.569584846496582,-5.601851463317871,-5.633000373840332,-5.664842128753662,-5.696156024932861,-5.7277936935424805,-5.758693218231201,-5.783108711242676,-5.801545143127441,-5.820103645324707,-5.84023904800415,-5.859211444854736,-5.875639915466309,-5.890013694763184,-5.902092933654785,-5.911266326904297,-5.919999122619629,-5.928987979888916,-5.936886310577393,-5.941305160522461,-5.940253257751465,-5.9349751472473145,-5.926731586456299,-5.915370941162109,-5.902413845062256,-5.88896369934082,-5.872609615325928,-5.85306978225708,-5.833232879638672,-5.813556671142578,-5.790295600891113,-5.7631378173828125,-5.7337188720703125,-5.70337438583374,-5.671103000640869,-5.638439178466797,-5.606184482574463,-5.572883129119873
-5.404077529907227,-5.447177886962891,-5.488178253173828,-5.528719425201416,-5.567007541656494,-5.6031904220581055,-5.636989593505859,-5.668619155883789,-5.698818206787109,-5.728715896606445,-5.760170936584473,-5.791213035583496,-5.8168864250183105,-5.837665557861328,-5.856962203979492,-5.875823497772217,-5.893637657165527,-5.9099016189575195,-5.92440938949585,-5.936851501464844,-5.94870662689209,-5.960101127624512,-5.9691009521484375,-5.975406646728516,-5.978199005126953,-5.977992057800293,-5.975675106048584,-5.9682230949401855,-5.955695152282715,-5.941138744354248,-5.925177097320557,-5.906982421875,-5.886873722076416,-5.865880966186523,-5.84359073638916,-5.817554950714111,-5.790393829345703,-5.762999057769775,-5.731473445892334,-5.6944122314453125,-5.657468795776367,-5.6225152015686035,-5.586108684539795
-5.437819004058838,-5.479852676391602,-5.521655082702637,-5.563129901885986,-5.601093769073486,-5.636853218078613,-5.669969081878662,-5.700915336608887,-5.7314043045043945,-5.762276649475098,-5.793890953063965,-5.824601173400879,-5.852015972137451,-5.8743367195129395,-5.8933563232421875,-5.911444187164307,-5.928815841674805,-5.945927143096924,-5.961452484130859,-5.975880146026611,-5.990642547607422,-6.0024590492248535,-6.010318756103516,-6.015470504760742,-6.018450736999512,-6.020040512084961,-6.017862796783447,-6.00904655456543,-5.995920658111572,-5.980593204498291,-5.96401834487915,-5.946150779724121,-5.925886154174805,-5.903385639190674,-5.877373218536377,-5.846965789794922,-5.817436218261719,-5.788905143737793,-5.755336761474609,-5.715328693389893,-5.675050735473633,-5.636721611022949,-5.598241329193115
-5.47118616104126,-5.513754367828369,-5.555980205535889,-5.596487045288086,-5.6339430809021,-5.668609619140625,-5.700156211853027,-5.731518745422363,-5.764724254608154,-5.797951698303223,-5.829371452331543,-5.8598761558532715,-5.888599395751953,-5.91199254989624,-5.931806564331055,-5.9500346183776855,-5.9666218757629395,-5.9841814041137695,-6.001633644104004,-6.018435478210449,-6.034336566925049,-6.046109676361084,-6.053437232971191,-6.057498931884766,-6.060477256774902,-6.062930583953857,-6.060669898986816,-6.0505475997924805,-6.036337852478027,-6.021590232849121,-6.006292819976807,-5.9883270263671875,-5.9669342041015625,-5.94211483001709,-5.913343906402588,-5.881587982177734,-5.849447727203369,-5.815201759338379,-5.777561664581299,-5.735982894897461,-5.69270133972168,-5.651407241821289,-5.613442420959473
-5.50464391708374,-5.548253536224365,-5.589727878570557,-5.628238677978516,-5.6646270751953125,-5.698831558227539,-5.730706214904785,-5.763902187347412,-5.799831867218018,-5.834770679473877,-5.86580753326416,-5.895148277282715,-5.923295497894287,-5.948860168457031,-5.9714884757995605,-5.98974609375,-6.006072044372559,-6.024104118347168,-6.04233455657959,-6.059869289398193,-6.075191497802734,-6.086027145385742,-6.0930705070495605,-6.098268508911133,-6.10333251953125,-6.106222629547119,-6.10273551940918,-6.091056823730469,-6.0763115882873535,-6.062908172607422,-6.049201011657715,-6.03160285949707,-6.009523391723633,-5.984084129333496,-5.955539226531982,-5.923439025878906,-5.888333320617676,-5.849458694458008,-5.80875301361084,-5.766235828399658,-5.719985008239746,-5.673252105712891,-5.630866527557373
-5.538387298583984,-5.581761360168457,-5.6218342781066895,-5.658245086669922,-5.693954944610596,-5.729482173919678,-5.763065814971924,-5.79715633392334,-5.834194183349609,-5.870092391967773,-5.901338577270508,-5.929983615875244,-5.957493305206299,-5.984472751617432,-6.008347034454346,-6.027111053466797,-6.044689178466797,-6.062939643859863,-6.082058906555176,-6.101332187652588,-6.116000652313232,-6.1249542236328125,-6.13244104385376,-6.140192985534668,-6.146407604217529,-6.146990776062012,-6.140972137451172,-6.131173133850098,-6.120474815368652,-6.109416484832764,-6.095453262329102,-6.076937675476074,-6.054449081420898,-6.029048919677734,-5.999734878540039,-5.965078830718994,-5.927933216094971,-5.889545440673828,-5.850808620452881,-5.808611869812012,-5.758877754211426,-5.704926490783691,-5.652693748474121
-5.571359634399414,-5.613556385040283,-5.652220726013184,-5.687245845794678,-5.723596096038818,-5.761253833770752,-5.796108245849609,-5.83050537109375,-5.868042469024658,-5.9048662185668945,-5.936584949493408,-5.964684009552002,-5.991784572601318,-6.017876148223877,-6.04121208190918,-6.062478065490723,-6.083666801452637,-6.103061676025391,-6.122058868408203,-6.141486644744873,-6.156120300292969,-6.165592193603516,-6.174518585205078,-6.183509349822998,-6.188103675842285,-6.185624122619629,-6.179548263549805,-6.1728835105896,-6.1648054122924805,-6.153077602386475,-6.136836051940918,-6.117021083831787,-6.094908237457275,-6.068887233734131,-6.036815166473389,-6.000607013702393,-5.965366363525391,-5.931315898895264,-5.895254135131836,-5.852604389190674,-5.801787853240967,-5.743873596191406,-5.680702209472656
-5.6024627685546875,-5.6431732177734375,-5.681100845336914,-5.717320442199707,-5.755030632019043,-5.793612480163574,-5.830014228820801,-5.8657965660095215,-5.902946949005127,-5.938332557678223,-5.970430850982666,-6.000030994415283,-6.026648998260498,-6.050955295562744,-6.075133323669434,-6.100351810455322,-6.124124526977539,-6.143414497375488,-6.160935878753662,-6.1797661781311035,-6.195641994476318,-6.206638336181641,-6.216367721557617,-6.224395275115967,-6.226867198944092,-6.224008083343506,-6.21954345703125,-6.214412689208984,-6.206923484802246,-6.193650722503662,-6.174932479858398,-6.153750419616699,-6.132053375244141,-6.107135772705078,-6.076045036315918,-6.041498184204102,-6.008166313171387,-5.975397109985352,-5.939523220062256,-5.897690773010254,-5.849085807800293,-5.789684295654297,-5.720696449279785
-5.633034706115723,-5.6720757484436035,-5.710468769073486,-5.749456405639648,-5.78841495513916,-5.826531887054443,-5.8642578125,-5.901937961578369,-5.9384870529174805,-5.971829414367676,-6.0039963722229,-6.03460168838501,-6.061019420623779,-6.086310386657715,-6.113265514373779,-6.139773368835449,-6.162911415100098,-6.182274341583252,-6.2003173828125,-6.218990325927734,-6.235358238220215,-6.24818754196167,-6.257978439331055,-6.264569282531738,-6.267391204833984,-6.26539421081543,-6.261015892028809,-6.256080150604248,-6.248215675354004,-6.232735633850098,-6.210169315338135,-6.186454772949219,-6.165125370025635,-6.141927242279053,-6.113229751586914,-6.08024787902832,-6.045919418334961,-6.011125087738037,-5.974506378173828,-5.932991981506348,-5.885202407836914,-5.825587272644043,-5.7518439292907715
-5.661513805389404,-5.700536251068115,-5.7408270835876465,-5.782675266265869,-5.822812557220459,-5.860374450683594,-5.898571491241455,-5.937251567840576,-5.97322940826416,-6.006766319274902,-6.039514064788818,-6.069201946258545,-6.095765113830566,-6.123693466186523,-6.1522417068481445,-6.177120208740234,-6.198677062988281,-6.218257904052734,-6.237208843231201,-6.25694465637207,-6.274742603302002,-6.288487911224365,-6.298511981964111,-6.3058929443359375,-6.309286117553711,-6.305791854858398,-6.300175666809082,-6.29486083984375,-6.284409999847412,-6.2664475440979,-6.243691444396973,-6.220458030700684,-6.1986985206604,-6.17584228515625,-6.150097846984863,-6.118682861328125,-6.082038879394531,-6.045377254486084,-6.009449005126953,-5.967731475830078,-5.918571949005127,-5.860366344451904,-5.790093898773193
-5.690671443939209,-5.730956554412842,-5.772511959075928,-5.815090656280518,-5.85556173324585,-5.894218444824219,-5.933169841766357,-5.971441745758057,-6.007791042327881,-6.042811393737793,-6.074774742126465,-6.102494716644287,-6.130736827850342,-6.161771774291992,-6.1908159255981445,-6.214577674865723,-6.234190464019775,-6.251830101013184,-6.270862579345703,-6.292447090148926,-6.3116888999938965,-6.326971054077148,-6.338449478149414,-6.344847202301025,-6.345859527587891,-6.341085433959961,-6.334488868713379,-6.327465057373047,-6.314892768859863,-6.294923305511475,-6.2707390785217285,-6.246608257293701,-6.222989082336426,-6.197319507598877,-6.168561935424805,-6.135552406311035,-6.099236011505127,-6.063213348388672,-6.027148723602295,-5.982067108154297,-5.928400039672852,-5.862941741943359,-5.777224063873291
